967014.330534;10140223.000000
963240.763502;10134743.000000
962581.192687;10129193.000000
966931.831134;10123758.000000
969522.398676;10118212.000000
957692.478235;10112186.000000
958045.778261;10106457.000000
966149.165383;10101295.000000
962240.235931;10096005.000000
959757.413758;10090734.000000
963647.331176;10085223.000000
959313.576452;10080176.000000
957495.650732;10074406.000000
960190.021970;10069238.000000
963604.499276;10064553.000000
955772.625478;10059626.000000
958176.786671;10054067.000000
963908.344817;10049391.000000
954156.504716;10043619.000000
952425.787262;10037954.000000
954704.501776;10032275.000000
953045.222812;10026851.000000
955744.463249;10022005.000000
952309.695912;10016773.000000
958273.610062;10011466.000000
950424.678658;10006142.000000
947638.281705;10000347.000000
956731.991440;9995247.000000
950802.653506;9989983.000000
949707.962177;9984651.000000
948687.180331;9978948.000000
951641.007021;9973920.000000
954409.296627;9968425.000000
948016.526215;9962895.000000
947034.862729;9957531.000000
948520.719995;9951989.000000
949949.199367;9946782.000000
949532.092107;9941414.000000
945738.196146;9936386.000000
946997.630869;9931131.000000
945288.341271;9925325.000000
940117.700743;9919043.000000
946151.099374;9913909.000000
939935.304446;9908611.000000
945639.158890;9902784.000000
941826.935855;9897655.000000
946264.272512;9892117.000000
940240.126059;9886314.000000
943309.227439;9881074.000000
946354.067495;9876345.000000
941298.216179;9871123.000000
939413.012749;9865889.000000
937558.314192;9860639.000000
937811.730439;9855323.000000
937290.977230;9849888.000000
942129.750703;9845194.000000
940169.105780;9840314.000000
939154.576592;9834489.000000
941892.271841;9829449.000000
937395.450594;9824341.000000
933844.673750;9818696.000000
929898.280373;9812856.000000
935567.069571;9807719.000000
936500.247145;9802752.000000
934913.092197;9797662.000000
934355.713424;9792501.000000
935075.030972;9787220.000000
928991.888733;9781959.000000
931000.260395;9776892.000000
931890.514063;9771655.000000
928620.949943;9766745.000000
929017.503889;9761378.000000
929568.502841;9756369.000000
932393.983337;9750456.000000
923807.006374;9744999.000000
929178.588736;9739914.000000
929885.560087;9733899.000000
928608.205974;9728430.000000
927628.761110;9722749.000000
925246.194027;9716779.000000
928701.465217;9711856.000000
919011.701667;9706095.000000
927982.584957;9701212.000000
928394.183249;9696214.000000
923700.165952;9691538.000000
921990.156973;9686560.000000
923807.202167;9681049.000000
921890.822258;9675918.000000
920928.994981;9671007.000000
920572.961042;9665640.000000
922075.976249;9660677.000000
920340.991509;9655695.000000
920868.509397;9650329.000000
922585.689539;9645323.000000
919641.713968;9640202.000000
918026.749422;9634790.000000
920391.811064;9629770.000000
919317.447033;9624177.000000
911672.249846;9618600.000000
916523.081571;9612936.000000
