3315694.134229;35020813.000000
3317321.177961;35014948.000000
3328458.392166;35009163.000000
3313728.266637;35003059.000000
3295727.322118;34996866.000000
3321307.743854;34990815.000000
3318336.396137;34985142.000000
3320190.398223;34979183.000000
3310533.333296;34973092.000000
3308653.519666;34967189.000000
3315059.822128;34960999.000000
3312136.065689;34955120.000000
3310715.780147;34948875.000000
3311781.981716;34942909.000000
3326481.470828;34937411.000000
3308839.886824;34931887.000000
3312896.489763;34925475.000000
3298781.315442;34919179.000000
3307223.266641;34913142.000000
3298269.744914;34906787.000000
3303356.024821;34901586.000000
3301319.001062;34895476.000000
3313077.124710;34890086.000000
3317644.300092;34884003.000000
3312425.427345;34878153.000000
3307329.254236;34871699.000000
3289566.107957;34865663.000000
3307808.466242;34859406.000000
3296634.325242;34853553.000000
3293291.151650;34847560.000000
3296121.683637;34841362.000000
3282165.196506;34835402.000000
3298471.239263;34829387.000000
3284140.384282;34823252.000000
3288348.492293;34817442.000000
3302047.677490;34811656.000000
3298470.396534;34805698.000000
3289733.676640;34799634.000000
3279839.259084;34793445.000000
3298911.939875;34787483.000000
3295035.581185;34781416.000000
3302864.086968;34775313.000000
3306544.173918;34769619.000000
3284654.649465;34763465.000000
3297854.446975;34757376.000000
3292818.671376;34751442.000000
3290739.980331;34745617.000000
3305163.948013;34739636.000000
3288058.132156;34733569.000000
3293077.754481;34727846.000000
3288857.687362;34721986.000000
3294750.241426;34716047.000000
3270269.899745;34709421.000000
3279522.419820;34703533.000000
3305642.948287;34698105.000000
3296915.486930;34692314.000000
3259839.993719;34685928.000000
3285129.566207;34680132.000000
3289826.728048;34674015.000000
3289941.015761;34668017.000000
3280963.945481;34662365.000000
3279544.860140;34656098.000000
3269086.256782;34650077.000000
3278457.956971;34644121.000000
3283270.602489;34638239.000000
3281683.987303;34632267.000000
3306629.691908;34626639.000000
3275195.228492;34620260.000000
3273090.182373;34614256.000000
3271120.044937;34608914.000000
3284018.553727;34602908.000000
3281175.245514;34597297.000000
3265721.895800;34590727.000000
3283940.086622;34585132.000000
3296353.800812;34579919.000000
3277389.952204;34573936.000000
3282951.540160;34567775.000000
3256091.107075;34561318.000000
3260854.245293;34555507.000000
3271490.644595;34549769.000000
3277718.547812;34543885.000000
3281587.501412;34538036.000000
3265148.980400;34532251.000000
3283570.355710;34527112.000000
3265708.896519;34521396.000000
3278633.195084;34515840.000000
3268621.077465;34510329.000000
3252815.375910;34504206.000000
3280274.662935;34498351.000000
3269057.435381;34492536.000000
3277114.448905;34486551.000000
3278130.666441;34480393.000000
3267996.332323;34474396.000000
3257725.712576;34467958.000000
3264251.679459;34462090.000000
3266356.950388;34455880.000000
3258516.836414;34449941.000000
3264091.965830;34443693.000000
3269673.238107;34437698.000000
3267354.231612;34431855.000000
