1.632718;29.000000
1.615093;4.000000
1.538089;6.000000
1.848896;7.000000
1.779709;14.000000
1.701743;8.000000
1.675499;9.000000
1.608991;38.000000
1.717505;17.000000
1.640891;68.000000
1.753133;12.000000
1.759632;30.000000
1.588164;23.000000
1.729856;13.000000
1.876886;13.000000
1.869667;55.000000
1.693626;22.000000
1.622812;25.000000
1.910307;41.000000
1.576200;30.000000
1.719869;22.000000
1.621557;11.000000
1.808561;12.000000
1.759730;22.000000
1.781014;47.000000
1.721346;16.000000
1.987749;13.000000
1.752511;37.000000
2.009290;12.000000
1.909481;26.000000
1.958435;29.000000
1.833808;6.000000
1.670969;22.000000
1.750110;17.000000
1.656141;8.000000
1.942140;18.000000
1.629684;2.000000
1.920059;31.000000
1.776827;5.000000
1.812326;31.000000
1.773847;19.000000
1.718817;24.000000
1.763944;16.000000
1.737084;19.000000
1.899116;20.000000
1.670658;7.000000
1.861796;63.000000
1.842358;14.000000
1.819008;7.000000
1.698486;35.000000
1.779017;19.000000
1.741629;11.000000
1.874952;18.000000
1.867891;94.000000
1.749063;36.000000
1.859908;33.000000
1.704917;17.000000
1.776277;78.000000
1.936401;3.000000
1.825088;26.000000
1.649131;3.000000
1.851047;29.000000
1.742382;11.000000
1.664071;10.000000
1.900099;67.000000
1.713880;5.000000
1.986850;9.000000
1.922699;28.000000
1.618477;15.000000
1.919047;3.000000
1.826316;8.000000
1.638912;17.000000
1.729634;42.000000
1.726978;15.000000
1.874352;10.000000
1.727927;46.000000
1.666824;9.000000
1.697649;13.000000
1.749345;13.000000
1.709498;11.000000
1.791176;15.000000
1.644577;10.000000
1.826692;11.000000
1.895797;25.000000
1.784592;8.000000
1.944309;3.000000
2.138218;31.000000
1.783682;19.000000
1.681562;6.000000
1.556950;13.000000
1.834710;19.000000
1.737490;29.000000
1.740602;15.000000
1.794823;4.000000
1.664374;31.000000
1.644208;7.000000
1.590592;23.000000
1.827213;16.000000
1.791351;32.000000
1.830785;15.000000
