957256.787765;9010868.000000
954373.747714;9017172.000000
953634.918749;9022883.000000
961182.197402;9029387.000000
958790.018829;9035797.000000
954959.549650;9041752.000000
956218.878481;9047431.000000
961276.655187;9054293.000000
960472.756712;9060598.000000
963570.356454;9066959.000000
966008.848379;9073500.000000
962861.814957;9079959.000000
964887.004369;9086112.000000
964266.477950;9091808.000000
968116.733047;9098051.000000
968373.954501;9104834.000000
971966.812034;9111601.000000
966013.256194;9118079.000000
965568.847485;9123945.000000
968914.824828;9130205.000000
972536.369267;9136121.000000
970644.000993;9142080.000000
972912.102577;9148486.000000
971870.815562;9154670.000000
970209.075364;9161015.000000
975454.221887;9167550.000000
975361.725540;9174291.000000
968936.537842;9180408.000000
979710.323974;9187036.000000
976750.486385;9193305.000000
979279.562084;9199225.000000
972729.165168;9205335.000000
973730.422475;9211462.000000
978843.360174;9217854.000000
980652.870873;9223528.000000
982000.545961;9229925.000000
980790.621343;9236034.000000
982114.593201;9242236.000000
980816.474203;9248328.000000
982547.312972;9254542.000000
984663.748455;9260637.000000
980567.728306;9266846.000000
982273.067564;9273243.000000
984351.633619;9279655.000000
984369.811580;9286262.000000
988227.187531;9292891.000000
992205.486121;9299150.000000
989463.540950;9305310.000000
991580.780600;9311367.000000
991636.458977;9317548.000000
997525.897464;9324246.000000
989447.212823;9330137.000000
991737.167377;9336902.000000
997046.253518;9343744.000000
994743.269169;9350370.000000
999013.052918;9357116.000000
997455.140501;9363580.000000
997088.729747;9369828.000000
1004644.018625;9377469.000000
1001760.032401;9384519.000000
1006068.360559;9390939.000000
1002980.224884;9397622.000000
1002648.408556;9403965.000000
996425.229107;9410267.000000
1002184.900625;9416980.000000
1005582.942653;9423754.000000
1005489.312033;9430540.000000
1005620.746120;9437717.000000
1000183.243588;9443812.000000
1002113.135536;9449935.000000
1001255.052908;9456165.000000
1010975.969619;9462132.000000
1009272.118431;9468496.000000
1007909.516667;9475045.000000
1009334.705982;9481664.000000
1003832.515527;9487923.000000
1010859.523647;9494438.000000
1012024.057721;9500742.000000
1006577.914201;9507182.000000
1007791.340187;9513908.000000
1009856.963405;9519674.000000
1013385.587185;9526030.000000
1013938.264103;9533075.000000
1013367.445474;9539224.000000
1014164.223656;9545494.000000
1008177.943294;9551518.000000
1019081.354456;9559190.000000
1012228.171690;9565479.000000
1019176.850229;9572041.000000
1023646.548251;9578479.000000
1023983.254429;9585266.000000
1019686.315192;9591496.000000
1023186.580229;9598239.000000
1018671.872936;9604538.000000
1020311.016557;9610452.000000
1022625.462597;9616934.000000
1024382.531544;9622832.000000
1023541.822476;9629029.000000
1028042.797736;9635336.000000
1023214.249020;9641420.000000
