1.292727;20.000000
1.312802;11.000000
1.336506;13.000000
1.363572;8.000000
1.303954;16.000000
1.315615;26.000000
1.356893;18.000000
1.339349;13.000000
1.312325;4.000000
1.328004;10.000000
1.314021;4.000000
1.295410;20.000000
1.313027;6.000000
1.345881;10.000000
1.272363;9.000000
1.295209;14.000000
1.391356;22.000000
1.384491;13.000000
1.402120;5.000000
1.325816;14.000000
1.331380;24.000000
1.365748;12.000000
1.427757;21.000000
1.338201;18.000000
1.352002;1.000000
1.361860;21.000000
1.365148;11.000000
1.344017;58.000000
1.367349;13.000000
1.329734;2.000000
1.410431;15.000000
1.267325;12.000000
1.348566;16.000000
1.341715;9.000000
1.350363;8.000000
1.275135;41.000000
1.317226;8.000000
1.253676;24.000000
1.342324;8.000000
1.467513;13.000000
1.254149;5.000000
1.335937;9.000000
1.339850;7.000000
1.352697;18.000000
1.347067;16.000000
1.430290;13.000000
1.306379;20.000000
1.257637;9.000000
1.309560;8.000000
1.382248;2.000000
1.248711;18.000000
1.393307;19.000000
1.360104;8.000000
1.250881;6.000000
1.364730;38.000000
1.362179;9.000000
1.303162;6.000000
1.269832;16.000000
1.366601;2.000000
1.392064;12.000000
1.389517;3.000000
1.299137;2.000000
1.240112;16.000000
1.338048;10.000000
1.321492;2.000000
1.333945;27.000000
1.283011;4.000000
1.327457;8.000000
1.387254;22.000000
1.303887;12.000000
1.428367;15.000000
1.292704;10.000000
1.382406;15.000000
1.364144;5.000000
1.310252;10.000000
1.375228;12.000000
1.319513;4.000000
1.248354;29.000000
1.323671;22.000000
1.332024;18.000000
1.204308;9.000000
1.314548;15.000000
1.248581;16.000000
1.292433;12.000000
1.379474;11.000000
1.318135;26.000000
1.382974;16.000000
1.384911;7.000000
1.240114;1.000000
1.451005;9.000000
1.308721;17.000000
1.290228;10.000000
1.306215;26.000000
1.402639;14.000000
1.333603;24.000000
1.307522;23.000000
1.350012;8.000000
1.348791;7.000000
1.256477;12.000000
1.300306;21.000000
