1.948935;16.000000
2.196003;20.000000
2.286117;27.000000
2.095232;22.000000
2.317641;27.000000
2.231997;10.000000
2.520378;2.000000
2.309246;6.000000
2.402480;58.000000
2.316955;18.000000
1.942723;22.000000
2.177307;23.000000
2.232245;12.000000
2.465548;13.000000
2.546577;12.000000
2.085750;9.000000
2.167956;11.000000
1.979140;68.000000
2.158687;19.000000
2.205326;2.000000
2.169344;20.000000
2.112444;21.000000
2.096548;17.000000
2.174207;10.000000
2.133933;16.000000
2.455438;5.000000
2.258723;20.000000
2.169987;24.000000
2.224506;4.000000
2.140778;8.000000
1.971210;33.000000
2.258508;59.000000
2.391615;14.000000
2.120409;12.000000
2.258234;21.000000
2.228709;18.000000
2.687929;9.000000
2.738201;10.000000
2.492932;7.000000
2.160747;14.000000
2.677386;18.000000
2.124727;7.000000
1.905061;8.000000
2.324603;38.000000
2.227906;40.000000
1.951362;11.000000
2.433230;27.000000
2.850226;1.000000
2.507033;4.000000
2.037113;56.000000
2.258828;2.000000
2.372019;10.000000
2.253222;34.000000
2.258563;52.000000
2.200554;22.000000
1.982585;15.000000
2.434966;2.000000
2.454700;53.000000
2.648703;19.000000
2.149489;34.000000
2.044576;42.000000
2.353579;9.000000
2.200162;4.000000
2.783426;21.000000
2.170279;20.000000
2.504820;3.000000
1.859207;3.000000
2.105249;13.000000
2.806418;12.000000
2.482636;101.000000
2.626306;15.000000
2.257334;53.000000
2.409479;12.000000
2.096089;16.000000
2.606547;4.000000
2.061593;24.000000
2.604550;10.000000
2.395372;3.000000
1.952440;11.000000
2.407012;15.000000
2.440346;60.000000
2.208091;7.000000
2.491609;45.000000
2.406588;22.000000
2.020182;50.000000
2.642875;44.000000
2.223819;7.000000
1.993767;26.000000
2.227381;48.000000
2.219610;10.000000
2.143796;8.000000
2.241980;16.000000
2.271544;6.000000
2.262708;43.000000
2.119592;48.000000
2.888430;15.000000
2.111558;37.000000
1.944061;28.000000
2.125050;21.000000
1.930887;47.000000
