2312420.176684;24420998.000000
2315340.264392;24415259.000000
2303142.652941;24408999.000000
2314703.865737;24402769.000000
2321814.258255;24396539.000000
2300805.925255;24389958.000000
2298976.325228;24383802.000000
2305895.933107;24377897.000000
2305345.909410;24372286.000000
2309601.039777;24366278.000000
2313151.732852;24360656.000000
2303836.257069;24354681.000000
2306337.006777;24348793.000000
2310470.581072;24342945.000000
2308549.375812;24336757.000000
2324254.449371;24331202.000000
2297561.443673;24324816.000000
2312952.660412;24319282.000000
2290933.784308;24312744.000000
2293973.300666;24306306.000000
2292517.725368;24300723.000000
2308419.633680;24295094.000000
2298706.634937;24289208.000000
2297389.754238;24283193.000000
2306290.885447;24276979.000000
2279763.147509;24270737.000000
2288642.778032;24264324.000000
2300213.577573;24258256.000000
2293658.589764;24252370.000000
2283253.027561;24245883.000000
2293285.760629;24239741.000000
2286255.471967;24233789.000000
2293702.484744;24227865.000000
2280839.744383;24221675.000000
2280884.542606;24215432.000000
2285641.673385;24209132.000000
2293157.411262;24203031.000000
2297488.467275;24196477.000000
2299550.876107;24190564.000000
2286683.812370;24184679.000000
2299034.904760;24178634.000000
2287269.011590;24172551.000000
2284319.527677;24166294.000000
2285993.318616;24159731.000000
2279247.308667;24153177.000000
2285164.723989;24146964.000000
2278846.388105;24140981.000000
2288502.830329;24135054.000000
2282999.945090;24128772.000000
2285155.667399;24122838.000000
2272448.387223;24116751.000000
2292148.133590;24110940.000000
2287071.318647;24105204.000000
2273448.894149;24098706.000000
2275309.382531;24092547.000000
2279346.164962;24086636.000000
2294215.412303;24081002.000000
2271753.065806;24074618.000000
2281052.373176;24068671.000000
2281784.817556;24062488.000000
2273113.154457;24056427.000000
2276658.541602;24049942.000000
2273390.507788;24044105.000000
2270920.698531;24038246.000000
2284985.308970;24032601.000000
2274709.402211;24026593.000000
2276623.843586;24020822.000000
2272076.144350;24014601.000000
2270043.376808;24008762.000000
2272495.385090;24002866.000000
2268847.160645;23996440.000000
2271600.052373;23990547.000000
2281629.709604;23984849.000000
2272656.304423;23978534.000000
2261238.194643;23972458.000000
2274853.060641;23966850.000000
2270169.545450;23960667.000000
2270094.243620;23954425.000000
2271930.788957;23948184.000000
2260155.575307;23941926.000000
2267216.041057;23935488.000000
2264150.915155;23929534.000000
2256423.935866;23923608.000000
2278435.395595;23918187.000000
2274867.813118;23912501.000000
2260020.492077;23906307.000000
2265007.004993;23900308.000000
2250695.383168;23894455.000000
2271482.486696;23888775.000000
2260897.068659;23882726.000000
2266172.469649;23876976.000000
2266541.823581;23871302.000000
2266560.575512;23865030.000000
2274250.406531;23859152.000000
2251327.383375;23852912.000000
2255500.785747;23846580.000000
2253705.533544;23840569.000000
2254357.513477;23834726.000000
2260275.304010;23828250.000000
2252998.687270;23822102.000000
