628378.388992;6562866.000000
628486.228906;6558327.000000
630881.766662;6553916.000000
629836.328742;6549396.000000
627269.695440;6544842.000000
622885.266670;6539993.000000
624905.255955;6535346.000000
628347.003650;6531108.000000
626504.318953;6526477.000000
624842.297348;6521491.000000
627269.725955;6516825.000000
623114.516510;6512452.000000
626331.854755;6507833.000000
623356.773020;6502667.000000
623751.098585;6497989.000000
623908.330655;6493332.000000
621986.767365;6488707.000000
618628.010828;6484460.000000
624598.907030;6479509.000000
619170.631594;6474941.000000
623595.246071;6470912.000000
618273.068428;6466147.000000
617983.856166;6461611.000000
619087.950173;6457221.000000
615853.445613;6452043.000000
618335.026475;6447209.000000
620083.648082;6443199.000000
616552.319827;6438644.000000
613801.048674;6433730.000000
613563.000635;6429026.000000
616140.007882;6424236.000000
614745.949295;6419475.000000
613531.497899;6414910.000000
614455.130967;6409939.000000
612216.202876;6405493.000000
614928.361760;6401119.000000
614801.518095;6396642.000000
613478.371758;6392354.000000
611708.792276;6387930.000000
614838.693169;6383654.000000
612776.474319;6378822.000000
609419.192029;6374122.000000
608508.059949;6369773.000000
612303.927758;6364967.000000
609636.085268;6360518.000000
611970.138667;6356707.000000
609744.548056;6352093.000000
610110.231989;6347752.000000
606324.317837;6342515.000000
608368.923876;6337799.000000
607130.135079;6333019.000000
605157.114751;6328094.000000
608802.863630;6323505.000000
608151.155970;6318703.000000
606497.343595;6314159.000000
603516.579004;6309906.000000
605872.177135;6305749.000000
603137.274432;6301216.000000
602653.570444;6296972.000000
606382.384351;6292402.000000
604819.259280;6288032.000000
600728.873240;6283360.000000
604971.096816;6278987.000000
600267.865757;6274245.000000
600840.888564;6269807.000000
602269.044387;6264966.000000
602796.501923;6260786.000000
602964.999865;6256843.000000
599464.541917;6252106.000000
599333.624961;6247511.000000
597520.784892;6242769.000000
597514.009709;6238318.000000
600773.903999;6233870.000000
599259.474377;6229338.000000
598638.658058;6224498.000000
595051.101457;6219626.000000
595267.918572;6215202.000000
596990.645436;6210900.000000
594654.563907;6205791.000000
594152.346864;6201230.000000
593118.025830;6197223.000000
594077.241516;6192865.000000
593453.459155;6188593.000000
598986.845171;6184618.000000
590438.133876;6179861.000000
593057.096352;6175447.000000
590111.916821;6170611.000000
593638.084249;6166031.000000
590912.647827;6161218.000000
590669.086722;6156643.000000
590093.413666;6152244.000000
589671.449382;6147843.000000
587418.672018;6143262.000000
588575.601123;6138714.000000
588356.610939;6133768.000000
589232.583032;6129335.000000
590013.566461;6124902.000000
588382.483008;6120444.000000
587847.315395;6115830.000000
584633.412215;6111393.000000
