260656.534529;2753010.000000
259553.249536;2746749.000000
260210.967036;2740659.000000
259059.110246;2734466.000000
256735.622278;2728010.000000
257105.914183;2721645.000000
255683.956205;2715241.000000
257187.091988;2709110.000000
255773.513923;2702895.000000
254946.845365;2696775.000000
254771.359941;2690408.000000
253787.136003;2684189.000000
254028.469196;2677663.000000
252897.452488;2671602.000000
253145.911377;2665818.000000
253683.382725;2659923.000000
250801.424151;2653631.000000
252228.801072;2648210.000000
248960.984525;2641596.000000
248406.514618;2634850.000000
247700.809859;2629179.000000
248905.700584;2623250.000000
248486.113575;2617054.000000
248032.212057;2610657.000000
246165.378856;2604047.000000
244269.335315;2597816.000000
244237.443443;2591000.000000
245362.810179;2584827.000000
243960.991932;2578292.000000
242608.431027;2571813.000000
242311.356932;2565207.000000
242074.752475;2559100.000000
243323.193753;2553451.000000
241356.708493;2547487.000000
240593.643865;2541623.000000
240062.969332;2535987.000000
240249.752033;2529578.000000
238552.984146;2523533.000000
238526.983831;2517087.000000
237414.778767;2510458.000000
236409.231007;2504039.000000
237251.968409;2497484.000000
235386.229976;2491061.000000
237421.922319;2485270.000000
234735.856276;2479070.000000
233036.832994;2472724.000000
234040.607210;2466719.000000
232414.180325;2460191.000000
231992.697648;2454054.000000
231733.583167;2447411.000000
231466.149361;2441024.000000
229343.686643;2434217.000000
229885.732053;2428158.000000
228573.196647;2421845.000000
228953.219439;2416089.000000
228749.552741;2410048.000000
228292.273318;2404357.000000
225226.386769;2397658.000000
226621.063742;2391541.000000
227035.966279;2385529.000000
225245.472124;2378659.000000
224826.093709;2372671.000000
224655.597421;2366754.000000
223909.156528;2360485.000000
223168.962315;2354560.000000
222166.699711;2348301.000000
220678.627473;2341660.000000
220597.690002;2335104.000000
220323.484220;2329144.000000
219665.838800;2323007.000000
219159.269468;2316553.000000
218316.180919;2309833.000000
218254.079900;2303858.000000
217091.824612;2297162.000000
216652.601443;2290972.000000
217956.793887;2285551.000000
215661.036952;2279536.000000
214969.019776;2273076.000000
215761.262442;2267046.000000
213578.247493;2260706.000000
213471.085450;2254198.000000
212804.540125;2247915.000000
211587.150773;2241653.000000
210415.562382;2234721.000000
210267.196853;2228441.000000
209828.605096;2222394.000000
209559.406656;2216278.000000
209749.402094;2210441.000000
208849.425628;2204212.000000
208899.533766;2198501.000000
208390.975733;2192839.000000
207471.161008;2186492.000000
207550.689541;2180257.000000
205033.802401;2173585.000000
204922.857349;2167113.000000
204686.193923;2160761.000000
203761.747139;2153890.000000
203285.754213;2147593.000000
203046.313188;2141793.000000
202600.274832;2135406.000000
