2081150.429577;20498462.000000
2077548.288313;20500166.000000
2086518.024291;20501874.000000
2078197.162329;20503508.000000
2081102.734613;20504737.000000
2067530.932421;20505901.000000
2078508.122360;20507879.000000
2078047.915796;20509736.000000
2083517.214580;20511217.000000
2083921.478079;20513121.000000
2088106.872591;20514737.000000
2082652.982535;20516105.000000
2085387.260562;20517668.000000
2084104.659579;20519300.000000
2091786.070795;20520814.000000
2069375.270484;20521804.000000
2082470.602982;20523200.000000
2087305.990217;20524540.000000
2090293.138417;20526129.000000
2093926.180453;20527966.000000
2077088.037832;20529580.000000
2082140.619411;20530867.000000
2087900.956062;20532324.000000
2076036.570083;20534004.000000
2084272.138303;20535800.000000
2082293.520139;20536637.000000
2089522.769547;20538981.000000
2084877.506059;20540727.000000
2100290.113857;20542582.000000
2099322.989407;20544474.000000
2102204.174716;20546458.000000
2088149.508251;20547939.000000
2086800.575699;20550243.000000
2081466.156998;20551317.000000
2092872.022698;20552921.000000
2084195.835463;20554938.000000
2077451.678092;20556375.000000
2075942.324664;20557435.000000
2085071.187668;20558762.000000
2076378.330442;20559823.000000
2092798.580565;20561732.000000
2087911.449127;20563178.000000
2090907.851054;20564879.000000
2095638.067492;20566758.000000
2087755.433430;20568311.000000
2086929.150062;20569979.000000
2094072.550184;20571789.000000
2090299.130576;20574019.000000
2085096.784421;20575809.000000
2084634.662962;20577319.000000
2088636.158527;20578915.000000
2099592.136672;20580498.000000
2089765.425126;20581606.000000
2081530.941572;20583293.000000
2078175.560062;20584650.000000
2086930.522290;20586162.000000
2079352.513011;20587572.000000
2091970.080531;20589324.000000
2098875.927052;20590917.000000
2088551.141346;20592154.000000
2087817.127706;20594070.000000
2083435.087193;20595268.000000
2085830.641527;20596714.000000
2089037.984862;20597764.000000
2100523.806662;20599408.000000
2088752.392156;20600826.000000
2085863.609082;20601677.000000
2090800.107791;20603083.000000
2102137.978474;20604986.000000
2090684.435857;20606131.000000
2096321.281206;20607841.000000
2086339.535679;20609726.000000
2092711.594771;20611193.000000
2097564.237464;20613134.000000
2092911.116540;20614295.000000
2087669.484144;20615743.000000
2088938.103581;20617310.000000
2090638.817994;20618857.000000
2105200.624553;20620295.000000
2094209.597231;20621670.000000
2085512.782094;20622907.000000
2092055.592707;20624200.000000
2102824.498242;20625815.000000
2102138.659499;20627511.000000
2100587.349970;20629456.000000
2090988.165266;20630802.000000
2089194.281615;20632202.000000
2094636.100344;20633567.000000
2089012.646711;20635155.000000
2109679.366544;20637140.000000
2100150.001886;20639032.000000
2081609.906615;20640239.000000
2090684.050012;20641820.000000
2082507.332004;20642860.000000
2091394.410541;20643897.000000
2093732.540822;20645323.000000
2084791.397328;20646969.000000
2088654.653826;20648657.000000
2097971.756528;20650249.000000
2101808.617971;20652266.000000
