3270824.338726;32592173.000000
3265093.840626;32592646.000000
3255456.436742;32592845.000000
3282531.970895;32593298.000000
3265708.534933;32593829.000000
3277941.700393;32593325.000000
3272148.012660;32593680.000000
3281625.912597;32594091.000000
3255185.213589;32594557.000000
3277687.150568;32595139.000000
3264183.006879;32594913.000000
3275132.848639;32595012.000000
3296876.604078;32595811.000000
3277807.086277;32596342.000000
3276791.185283;32596918.000000
3281245.098507;32597501.000000
3291080.262735;32597715.000000
3263406.508263;32597854.000000
3284119.053064;32597969.000000
3295081.348247;32598629.000000
3284325.597218;32598930.000000
3270600.522211;32599575.000000
3268177.647192;32600191.000000
3279675.281561;32601028.000000
3272887.016247;32601352.000000
3274877.977361;32602275.000000
3258489.395185;32602780.000000
3281337.454251;32603179.000000
3273663.717174;32603619.000000
3271667.763793;32604475.000000
3276035.363626;32605513.000000
3270177.312300;32606314.000000
3267374.374033;32606838.000000
3280837.971569;32607352.000000
3285959.201521;32607973.000000
3273313.930682;32608350.000000
3279166.864449;32608850.000000
3273235.010341;32609575.000000
3273808.822115;32610333.000000
3270064.155100;32610634.000000
3270890.705235;32610999.000000
3286863.320657;32611548.000000
3284001.010015;32612338.000000
3282164.548318;32613153.000000
3262979.439178;32613410.000000
3281298.291233;32614071.000000
3302192.342074;32614862.000000
3261831.084515;32615201.000000
3245309.747928;32615466.000000
3274450.456701;32616264.000000
3274619.141353;32616522.000000
3272588.392525;32617288.000000
3262933.543923;32617881.000000
3289614.327793;32618718.000000
3282645.247331;32618963.000000
3259373.838228;32619366.000000
3254763.946135;32619568.000000
3273836.530567;32620065.000000
3289371.080521;32620841.000000
3273366.719427;32620381.000000
3283632.304828;32620575.000000
3277179.160651;32620806.000000
3277812.448492;32621779.000000
3279143.131590;32622182.000000
3279206.237361;32622659.000000
3278854.644901;32623215.000000
3273107.554950;32623611.000000
3276085.716152;32624150.000000
3257797.692314;32624324.000000
3259512.312226;32624040.000000
3265428.563779;32624177.000000
3299468.502241;32624981.000000
3275555.354513;32625597.000000
3274642.968634;32625710.000000
3281719.728622;32626738.000000
3287288.785197;32628012.000000
3285115.116300;32628303.000000
3292923.688514;32629481.000000
3277335.530036;32630094.000000
3280746.822013;32630903.000000
3287604.333551;32631858.000000
3286770.478017;32632438.000000
3277707.473005;32633333.000000
3288806.946202;32634205.000000
3281311.190515;32634576.000000
3267869.702191;32634439.000000
3282559.136506;32634762.000000
3279692.526412;32635065.000000
3282475.991245;32635458.000000
3263553.309599;32635604.000000
3275988.167820;32635973.000000
3270950.530216;32636379.000000
3276783.464915;32636812.000000
3284846.973519;32637460.000000
3277134.818462;32637356.000000
3268363.459050;32638196.000000
3272440.066827;32638450.000000
3270025.723801;32639269.000000
3285943.164826;32640061.000000
3281731.243733;32640358.000000
