3654727.343645;36386438.000000
3648181.249728;36386869.000000
3645378.703047;36387236.000000
3658569.885435;36387371.000000
3659252.239803;36388250.000000
3649791.210934;36388064.000000
3674002.409284;36389223.000000
3636932.502804;36389644.000000
3652161.635416;36389854.000000
3647904.825525;36390764.000000
3664331.311894;36391523.000000
3651976.622974;36392133.000000
3650923.199648;36392518.000000
3641095.886684;36392558.000000
3644163.159573;36392691.000000
3659678.253949;36393485.000000
3665173.625040;36394010.000000
3662590.993644;36394570.000000
3654089.139012;36394928.000000
3661669.052467;36395693.000000
3673175.499875;36395874.000000
3679670.077018;36396945.000000
3651092.293268;36397508.000000
3679384.337857;36398277.000000
3650902.594144;36398197.000000
3631506.661554;36398100.000000
3645884.576912;36398224.000000
3649818.197218;36398549.000000
3645173.569301;36399110.000000
3643304.359418;36399047.000000
3643172.108139;36398990.000000
3648829.377798;36399406.000000
3665272.700662;36400620.000000
3654788.913426;36401263.000000
3644034.056766;36401442.000000
3674132.152799;36402237.000000
3665666.338947;36403357.000000
3656418.060170;36403084.000000
3660895.463697;36403378.000000
3668081.912694;36403840.000000
3668414.453853;36404098.000000
3651281.310368;36404482.000000
3629834.875813;36404065.000000
3638868.716711;36404310.000000
3653711.132070;36404623.000000
3661917.909935;36404918.000000
3665609.974500;36405518.000000
3670628.269829;36406448.000000
3657778.222381;36407150.000000
3678870.865675;36408106.000000
3648214.155577;36408021.000000
3669766.743376;36408925.000000
3635602.887431;36409099.000000
3661174.871634;36409714.000000
3660669.274075;36410127.000000
3659726.079930;36410801.000000
3679348.911415;36411867.000000
3675899.973453;36412357.000000
3659653.899553;36412851.000000
3662162.137952;36413503.000000
3649528.881993;36414060.000000
3654526.999170;36414450.000000
3651529.392903;36414416.000000
3664151.292225;36414868.000000
3665509.824664;36415276.000000
3650325.079697;36416206.000000
3668577.310677;36416451.000000
3668590.809883;36417162.000000
3668650.579018;36418068.000000
3621410.205805;36418274.000000
3662594.659958;36418885.000000
3661947.623927;36419494.000000
3655465.659409;36419610.000000
3648412.670581;36419490.000000
3650604.791023;36419791.000000
3653373.741280;36420570.000000
3676038.524775;36421746.000000
3658449.419090;36421784.000000
3647897.540155;36422053.000000
3646551.240892;36422491.000000
3674769.459555;36423924.000000
3644181.762737;36424015.000000
3664809.859675;36424621.000000
3653245.082828;36425008.000000
3671967.703254;36425645.000000
3651113.670159;36425907.000000
3643955.302836;36426457.000000
3647996.885276;36426542.000000
3659575.407366;36426995.000000
3654442.031177;36427660.000000
3656663.124430;36428187.000000
3624891.762938;36427828.000000
3674679.617177;36428860.000000
3673298.010971;36429864.000000
3653729.302372;36430297.000000
3680240.137227;36431240.000000
3674630.063655;36431663.000000
3660014.115064;36432435.000000
3643853.503893;36432542.000000
3654641.095899;36433282.000000
