1.188288;10.000000
1.282354;6.000000
1.267160;5.000000
1.271392;9.000000
1.260218;7.000000
1.256038;8.000000
1.258653;24.000000
1.263423;14.000000
1.287921;23.000000
1.240342;13.000000
1.322975;10.000000
1.288608;28.000000
1.281315;7.000000
1.228348;24.000000
1.294426;11.000000
1.224121;3.000000
1.218743;18.000000
1.266658;5.000000
1.331710;12.000000
1.245413;9.000000
1.234632;6.000000
1.283500;6.000000
1.233246;8.000000
1.260090;2.000000
1.218464;14.000000
1.209856;2.000000
1.247964;22.000000
1.344061;14.000000
1.274573;6.000000
1.243740;7.000000
1.290370;6.000000
1.300934;7.000000
1.300915;5.000000
1.322335;33.000000
1.306855;12.000000
1.241355;27.000000
1.265037;5.000000
1.301556;6.000000
1.224492;7.000000
1.240722;20.000000
1.249730;12.000000
1.268775;11.000000
1.250465;14.000000
1.238906;12.000000
1.329392;11.000000
1.258589;12.000000
1.266778;7.000000
1.233332;12.000000
1.291933;21.000000
1.271972;18.000000
1.256957;9.000000
1.246260;19.000000
1.271904;20.000000
1.311805;18.000000
1.217157;17.000000
1.266723;27.000000
1.264518;5.000000
1.252929;19.000000
1.275217;17.000000
1.208661;17.000000
1.294178;6.000000
1.266704;8.000000
1.246133;17.000000
1.279980;35.000000
1.327692;17.000000
1.259878;13.000000
1.228703;3.000000
1.261782;21.000000
1.210093;8.000000
1.303462;9.000000
1.239626;8.000000
1.279317;6.000000
1.298860;25.000000
1.233808;12.000000
1.233141;12.000000
1.238201;8.000000
1.227321;16.000000
1.294844;19.000000
1.283970;2.000000
1.279107;22.000000
1.281303;47.000000
1.271414;14.000000
1.244526;13.000000
1.263724;10.000000
1.336580;13.000000
1.289236;8.000000
1.239634;25.000000
1.253690;7.000000
1.275082;19.000000
1.316057;24.000000
1.266683;29.000000
1.268867;7.000000
1.232430;14.000000
1.233023;21.000000
1.273207;17.000000
1.252060;4.000000
1.274353;13.000000
1.220825;11.000000
1.185349;9.000000
1.156878;7.000000
