1.194806;14.000000
1.283775;14.000000
1.249292;17.000000
1.224509;8.000000
1.289810;15.000000
1.223480;7.000000
1.256040;18.000000
1.253254;18.000000
1.279790;9.000000
1.290302;13.000000
1.259663;23.000000
1.211189;4.000000
1.246486;11.000000
1.241935;12.000000
1.275033;3.000000
1.270821;28.000000
1.227317;10.000000
1.244772;14.000000
1.276263;10.000000
1.315007;18.000000
1.238982;11.000000
1.234270;33.000000
1.263501;11.000000
1.266925;12.000000
1.251984;5.000000
1.307916;5.000000
1.253249;14.000000
1.173893;9.000000
1.239972;10.000000
1.287329;18.000000
1.253804;28.000000
1.347545;4.000000
1.333541;7.000000
1.277620;24.000000
1.243544;8.000000
1.241964;30.000000
1.301114;15.000000
1.284403;10.000000
1.230719;6.000000
1.233335;28.000000
1.237543;12.000000
1.255388;7.000000
1.253100;24.000000
1.267498;17.000000
1.265482;14.000000
1.245740;16.000000
1.207744;5.000000
1.257964;4.000000
1.301673;36.000000
1.247177;8.000000
1.262882;11.000000
1.303892;11.000000
1.296736;36.000000
1.263835;14.000000
1.298277;8.000000
1.288891;6.000000
1.219130;9.000000
1.256756;17.000000
1.234272;11.000000
1.241574;8.000000
1.294889;4.000000
1.293585;7.000000
1.254329;9.000000
1.345696;6.000000
1.252363;9.000000
1.200795;13.000000
1.196323;11.000000
1.264001;4.000000
1.255966;5.000000
1.254170;2.000000
1.235176;6.000000
1.233632;16.000000
1.323384;8.000000
1.253709;16.000000
1.276476;32.000000
1.284765;11.000000
1.300321;2.000000
1.264823;30.000000
1.243778;11.000000
1.292796;5.000000
1.266921;13.000000
1.262553;5.000000
1.269354;23.000000
1.274977;16.000000
1.237258;20.000000
1.307323;15.000000
1.228051;16.000000
1.294518;1.000000
1.261194;21.000000
1.246252;13.000000
1.233039;13.000000
1.246741;12.000000
1.306305;12.000000
1.282722;6.000000
1.241393;10.000000
1.265369;20.000000
1.251963;29.000000
1.245116;9.000000
1.329641;7.000000
1.276135;5.000000
