1.220810;10.000000
1.263725;11.000000
1.265443;8.000000
1.255813;12.000000
1.283211;16.000000
1.279723;17.000000
1.314167;11.000000
1.272155;13.000000
1.244662;28.000000
1.319777;3.000000
1.273922;12.000000
1.299922;12.000000
1.330419;18.000000
1.273477;3.000000
1.296572;16.000000
1.211390;8.000000
1.192798;25.000000
1.341412;11.000000
1.321791;15.000000
1.274986;3.000000
1.241624;2.000000
1.298591;1.000000
1.277408;6.000000
1.276458;7.000000
1.281342;4.000000
1.239643;32.000000
1.216998;15.000000
1.319707;4.000000
1.418000;12.000000
1.271003;19.000000
1.241595;4.000000
1.310650;29.000000
1.255477;19.000000
1.266552;12.000000
1.213179;8.000000
1.230002;22.000000
1.229253;24.000000
1.321043;17.000000
1.316200;17.000000
1.358760;1.000000
1.257518;13.000000
1.246333;10.000000
1.254885;7.000000
1.346779;8.000000
1.293597;26.000000
1.310843;22.000000
1.300436;7.000000
1.283423;13.000000
1.232706;25.000000
1.291363;6.000000
1.307628;5.000000
1.243283;13.000000
1.223501;27.000000
1.254405;19.000000
1.241883;9.000000
1.337635;25.000000
1.226189;9.000000
1.289088;11.000000
1.261651;31.000000
1.282690;7.000000
1.249951;13.000000
1.326951;7.000000
1.422568;12.000000
1.290899;14.000000
1.272202;17.000000
1.313145;5.000000
1.286659;15.000000
1.299790;27.000000
1.311940;9.000000
1.266567;8.000000
1.294312;33.000000
1.287599;16.000000
1.168666;14.000000
1.328114;20.000000
1.263372;13.000000
1.280597;12.000000
1.265337;11.000000
1.352477;12.000000
1.288554;18.000000
1.265467;9.000000
1.295303;15.000000
1.225533;6.000000
1.267701;20.000000
1.307999;25.000000
1.390516;25.000000
1.308682;9.000000
1.273441;12.000000
1.353525;9.000000
1.267766;10.000000
1.283643;13.000000
1.254725;12.000000
1.320693;21.000000
1.317476;8.000000
1.192407;10.000000
1.336703;17.000000
1.311302;12.000000
1.370891;11.000000
1.284566;11.000000
1.256545;15.000000
1.262328;12.000000
