2325704.731476;23819269.000000
2317984.898573;23816563.000000
2318632.514872;23813804.000000
2329592.100813;23810834.000000
2333629.973645;23808106.000000
2320611.412786;23805419.000000
2327928.375058;23802194.000000
2323208.199842;23799514.000000
2327449.029442;23797139.000000
2318531.630980;23793913.000000
2316875.141602;23791547.000000
2313731.973182;23788921.000000
2333987.470902;23786598.000000
2318466.443718;23783851.000000
2325727.211434;23780706.000000
2313553.570456;23777950.000000
2333142.194664;23775803.000000
2324443.196477;23773347.000000
2323607.797557;23770937.000000
2326660.549854;23768119.000000
2320926.933500;23765650.000000
2315595.447465;23762697.000000
2321276.261791;23760874.000000
2311731.412454;23757728.000000
2304891.967390;23754684.000000
2314545.184748;23752090.000000
2332555.307276;23749909.000000
2319322.455826;23746984.000000
2315005.969373;23744506.000000
2325150.318077;23742082.000000
2330635.643080;23739565.000000
2320593.129130;23737206.000000
2311322.770443;23734909.000000
2307622.499226;23732270.000000
2320384.628841;23729603.000000
2309996.253904;23726871.000000
2318665.288302;23724790.000000
2311371.726065;23722324.000000
2307819.767760;23720141.000000
2332036.279017;23718088.000000
2309603.482586;23715578.000000
2323163.406732;23713331.000000
2320358.161920;23710656.000000
2318622.742284;23707763.000000
2320529.021665;23704759.000000
2312336.771424;23702021.000000
2321206.397083;23699266.000000
2312952.486050;23696720.000000
2320562.210650;23694014.000000
2318565.897280;23691522.000000
2304867.729872;23688792.000000
2313080.889249;23686012.000000
2311207.781182;23683015.000000
2312924.843202;23680168.000000
2309730.737497;23677900.000000
2300131.951074;23674912.000000
2318859.386344;23672311.000000
2313452.095636;23670013.000000
2308282.218237;23666931.000000
2312087.223872;23664792.000000
2306684.681704;23662046.000000
2319113.138558;23659717.000000
2318821.532738;23657640.000000
2316065.054971;23654845.000000
2316022.504619;23652759.000000
2324044.883310;23650115.000000
2301655.249878;23647160.000000
2312761.733648;23644947.000000
2308505.976743;23642320.000000
2310081.927549;23639770.000000
2310145.035227;23637414.000000
2314203.756775;23635123.000000
2320735.554009;23632422.000000
2308448.225055;23629897.000000
2307205.015707;23627459.000000
2299311.059461;23624795.000000
2287843.048769;23621022.000000
2304787.734872;23618420.000000
2300331.553863;23615558.000000
2296125.483627;23612509.000000
2298316.671278;23609461.000000
2324163.089022;23607150.000000
2310855.756255;23604531.000000
2298114.243006;23601632.000000
2298497.852485;23599307.000000
2304931.542619;23596611.000000
2304624.992768;23594369.000000
2304657.814149;23591799.000000
2302190.553850;23589575.000000
2296980.377444;23586697.000000
2302878.192343;23584467.000000
2306804.687127;23581945.000000
2315579.688597;23579780.000000
2304626.374192;23577039.000000
2305451.785520;23574219.000000
2304268.503240;23571846.000000
2305647.303062;23569456.000000
2298644.332191;23566913.000000
2300262.368121;23564630.000000
2299890.850111;23561747.000000
