3393206.162300;34863050.000000
3381134.390006;34859899.000000
3377912.678845;34856654.000000
3398938.384667;34853313.000000
3401715.311254;34850044.000000
3370902.082369;34846328.000000
3373683.843026;34843144.000000
3376112.349942;34840108.000000
3387703.284617;34837354.000000
3384981.014155;34834263.000000
3388386.620036;34831124.000000
3377981.708025;34827285.000000
3402970.635186;34824211.000000
3385462.275809;34821285.000000
3388296.455088;34818203.000000
3402030.497173;34814859.000000
3374631.271587;34811714.000000
3397023.066145;34808819.000000
3389437.757620;34805412.000000
3392715.978731;34802191.000000
3372941.923223;34799043.000000
3393371.984220;34796214.000000
3388563.254537;34792941.000000
3380857.100467;34789514.000000
3388670.815096;34786583.000000
3382468.799893;34783383.000000
3382208.743538;34780605.000000
3377262.422907;34777245.000000
3378264.311575;34774283.000000
3366381.207023;34770852.000000
3409916.732579;34768664.000000
3382052.879000;34765832.000000
3377635.255802;34762742.000000
3390886.736435;34759878.000000
3372864.105918;34757491.000000
3393055.849187;34754731.000000
3361237.122715;34751628.000000
3384973.753771;34748233.000000
3386176.264027;34745136.000000
3375392.735677;34741484.000000
3381038.938703;34738165.000000
3390337.459036;34735111.000000
3369894.840085;34732113.000000
3383946.164997;34729522.000000
3372745.582910;34726328.000000
3364416.564792;34723084.000000
3371660.097774;34719613.000000
3378558.732958;34716572.000000
3368588.536331;34713487.000000
3374730.263129;34710690.000000
3404271.768763;34708166.000000
3375745.838413;34704847.000000
3362879.940298;34701764.000000
3363339.871488;34698464.000000
3382627.872853;34695660.000000
3378028.785249;34692578.000000
3360120.529625;34689239.000000
3378486.170715;34686749.000000
3379623.219139;34683399.000000
3378882.082184;34680033.000000
3372064.056604;34676628.000000
3384292.159695;34673537.000000
3363819.467965;34670098.000000
3351377.078706;34666452.000000
3359743.195906;34663838.000000
3364965.132836;34660711.000000
3375940.829644;34658041.000000
3364840.516011;34655169.000000
3356943.991970;34651801.000000
3372029.768852;34648364.000000
3374413.042744;34645339.000000
3375854.336898;34642194.000000
3364503.612930;34638775.000000
3351690.716460;34635246.000000
3366520.106740;34632267.000000
3371957.257780;34629474.000000
3360993.169400;34626117.000000
3376420.430031;34622758.000000
3372371.465387;34620118.000000
3350975.846540;34616799.000000
3372957.997494;34613371.000000
3380059.340239;34610480.000000
3362645.098487;34607678.000000
3372442.921617;34604922.000000
3360504.090867;34601350.000000
3382594.961613;34598310.000000
3376134.139670;34595158.000000
3346032.984961;34592081.000000
3362174.374919;34588869.000000
3349046.831806;34585373.000000
3358716.824420;34581809.000000
3369518.836940;34578851.000000
3363074.452908;34575462.000000
3361227.606751;34572146.000000
3366668.777077;34569328.000000
3363154.047984;34566722.000000
3365021.429832;34564279.000000
3356105.810576;34561653.000000
3347310.838329;34558583.000000
3352074.347730;34555275.000000
