1517805.961652;14084520.000000
1510744.514923;14092141.000000
1513885.860025;14099432.000000
1518281.120738;14107141.000000
1515621.179862;14115307.000000
1521671.617798;14123099.000000
1518808.503646;14131007.000000
1519698.357691;14139008.000000
1524550.330288;14147082.000000
1522131.149209;14154155.000000
1530056.627835;14162225.000000
1528449.819625;14170072.000000
1525276.833625;14177854.000000
1529738.988330;14185429.000000
1525661.793792;14192882.000000
1529016.572838;14200478.000000
1529517.440419;14208280.000000
1527385.523494;14215455.000000
1530558.946220;14223044.000000
1525049.264651;14230587.000000
1532635.798881;14238515.000000
1539794.728073;14246256.000000
1537625.023669;14253670.000000
1538373.783312;14261036.000000
1531282.854172;14268749.000000
1541818.345084;14276528.000000
1538497.816434;14284439.000000
1543895.629899;14292505.000000
1544143.535754;14300397.000000
1539454.691938;14307534.000000
1540342.137218;14314854.000000
1550362.569877;14322472.000000
1543411.921105;14329797.000000
1550560.418417;14337980.000000
1546103.720459;14345880.000000
1543416.622500;14353400.000000
1548388.784310;14361320.000000
1549503.928042;14368865.000000
1544357.541289;14376262.000000
1553006.452506;14384922.000000
1544778.709024;14392462.000000
1546810.254093;14399797.000000
1549124.582280;14407928.000000
1562325.945441;14415793.000000
1547908.889339;14423707.000000
1555215.894952;14431900.000000
1564649.021815;14440077.000000
1546727.537597;14447945.000000
1568582.083578;14455964.000000
1561963.373172;14464013.000000
1564579.752068;14471784.000000
1562008.940755;14479339.000000
1552917.776021;14486771.000000
1562324.955758;14494477.000000
1561853.153644;14501802.000000
1570110.044684;14509985.000000
1565294.661109;14517634.000000
1560154.172787;14525356.000000
1561613.767644;14533096.000000
1567053.791033;14541503.000000
1561776.064152;14549751.000000
1569639.537116;14556812.000000
1560557.947532;14564083.000000
1557339.811956;14571029.000000
1561446.581582;14578583.000000
1579546.456367;14586356.000000
1575610.972131;14594237.000000
1572894.466001;14601661.000000
1577690.459547;14609304.000000
1578801.298133;14617517.000000
1576924.359835;14625269.000000
1578582.048423;14633043.000000
1568743.321786;14640979.000000
1574660.374420;14648470.000000
1589443.569869;14656347.000000
1586094.801607;14664292.000000
1582206.059548;14671744.000000
1587559.771621;14679625.000000
1576222.902338;14687276.000000
1578292.293332;14694857.000000
1576403.333136;14702384.000000
1591186.876307;14710257.000000
1580720.493952;14717825.000000
1585365.762448;14726225.000000
1586625.981639;14734051.000000
1591505.934033;14741978.000000
1587028.963848;14749408.000000
1595614.256678;14757027.000000
1586978.475863;14764859.000000
1586058.505927;14772368.000000
1587636.498659;14780282.000000
1598824.067282;14788858.000000
1593203.997695;14796642.000000
1595074.630179;14804292.000000
1588813.972367;14811939.000000
1598154.319950;14819497.000000
1590179.313483;14827180.000000
1591509.374896;14834720.000000
1595388.285575;14842890.000000
1602592.662780;14850295.000000
