1.237338;22.000000
1.277460;37.000000
1.284815;25.000000
1.281555;13.000000
1.287680;12.000000
1.225860;10.000000
1.327490;7.000000
1.264207;10.000000
1.267884;34.000000
1.248155;8.000000
1.307809;10.000000
1.255447;32.000000
1.240363;19.000000
1.348951;39.000000
1.302488;7.000000
1.387082;22.000000
1.291782;15.000000
1.410519;12.000000
1.282092;10.000000
1.268921;9.000000
1.241914;7.000000
1.346350;13.000000
1.272448;8.000000
1.217402;3.000000
1.348771;5.000000
1.280005;18.000000
1.213484;18.000000
1.326912;6.000000
1.350377;21.000000
1.269423;17.000000
1.278959;8.000000
1.298117;12.000000
1.299224;15.000000
1.336980;21.000000
1.287261;15.000000
1.328947;2.000000
1.321381;15.000000
1.347180;3.000000
1.249091;3.000000
1.334435;30.000000
1.341103;18.000000
1.306150;14.000000
1.337219;2.000000
1.282949;22.000000
1.320870;3.000000
1.217214;17.000000
1.225350;17.000000
1.266962;6.000000
1.322683;25.000000
1.231016;16.000000
1.224447;23.000000
1.347131;10.000000
1.267615;8.000000
1.358469;20.000000
1.244862;15.000000
1.322113;18.000000
1.272652;22.000000
1.337250;23.000000
1.358673;18.000000
1.269194;38.000000
1.353348;11.000000
1.219497;6.000000
1.259782;10.000000
1.282869;16.000000
1.300559;6.000000
1.295707;13.000000
1.288054;10.000000
1.314121;16.000000
1.251173;5.000000
1.277282;22.000000
1.224652;9.000000
1.324377;14.000000
1.287120;13.000000
1.318227;7.000000
1.299537;25.000000
1.279916;9.000000
1.263728;15.000000
1.315351;25.000000
1.332334;20.000000
1.338684;15.000000
1.279456;17.000000
1.359251;16.000000
1.293683;9.000000
1.280367;29.000000
1.284592;18.000000
1.291676;23.000000
1.296545;18.000000
1.262048;15.000000
1.410269;22.000000
1.281804;8.000000
1.253478;2.000000
1.258394;18.000000
1.349095;9.000000
1.279355;6.000000
1.288465;18.000000
1.296373;15.000000
1.339454;24.000000
1.313122;13.000000
1.240833;33.000000
1.267218;7.000000
