3315067.389111;32429550.000000
3300985.665997;32431742.000000
3317732.065730;32433983.000000
3316573.297627;32436091.000000
3321525.003068;32438245.000000
3284414.374730;32439803.000000
3302943.010696;32442238.000000
3301618.287353;32444676.000000
3301277.167999;32446371.000000
3303675.141521;32448380.000000
3300550.255040;32449800.000000
3321811.544933;32451768.000000
3319167.628609;32453998.000000
3308728.504497;32455926.000000
3322821.623004;32457907.000000
3303057.272981;32459829.000000
3323706.884828;32462376.000000
3337423.134848;32464527.000000
3333396.981448;32467086.000000
3329454.515431;32469424.000000
3305555.795909;32471623.000000
3306632.532864;32473935.000000
3310341.541493;32476158.000000
3301414.820049;32478218.000000
3312391.415421;32480570.000000
3309398.762413;32482360.000000
3303177.318876;32484215.000000
3316433.102388;32486795.000000
3310206.655660;32489353.000000
3310612.551077;32491915.000000
3314889.330890;32494381.000000
3337390.478913;32496863.000000
3322699.051887;32498956.000000
3325461.889271;32501323.000000
3305940.517664;32503155.000000
3330372.242798;32505298.000000
3309326.031249;32507484.000000
3321838.485180;32509811.000000
3325809.248459;32512063.000000
3315721.356630;32514154.000000
3327190.058184;32516793.000000
3323638.050222;32519139.000000
3322942.734821;32521413.000000
3314678.287779;32523531.000000
3327100.068408;32525838.000000
3314960.275669;32528113.000000
3331518.569270;32530324.000000
3310925.186246;32532862.000000
3314663.676717;32535499.000000
3336526.737563;32538074.000000
3322347.566818;32540728.000000
3325936.768982;32543034.000000
3327400.687964;32545126.000000
3328551.769522;32547357.000000
3336210.594268;32549950.000000
3326706.950200;32551302.000000
3334938.409053;32553565.000000
3320142.275513;32555887.000000
3323658.230060;32557746.000000
3329929.880927;32559893.000000
3321832.121161;32562708.000000
3315518.357820;32564883.000000
3320287.581182;32567038.000000
3333646.631774;32569616.000000
3322211.251467;32571300.000000
3308594.360953;32573034.000000
3324367.191191;32575265.000000
3314748.492506;32577413.000000
3324024.076478;32580158.000000
3322679.178810;32582123.000000
3306067.407907;32584320.000000
3329944.564628;32586552.000000
3330299.219255;32588856.000000
3321914.107436;32590829.000000
3331811.949298;32594001.000000
3330501.915325;32596154.000000
3310368.596843;32598159.000000
3331271.767614;32600539.000000
3334814.809049;32602735.000000
3343000.325085;32604885.000000
3330228.656725;32606789.000000
3330986.108604;32609194.000000
3327563.673831;32611615.000000
3329298.119249;32614050.000000
3319617.328885;32615855.000000
3337365.043611;32618149.000000
3317231.939549;32620094.000000
3317507.900715;32622156.000000
3323677.385278;32624276.000000
3334812.311300;32626498.000000
3327236.069482;32627808.000000
3318897.136385;32629840.000000
3324414.904596;32631699.000000
3341010.006885;32634183.000000
3346532.648621;32636265.000000
3336402.870078;32638631.000000
3343621.077195;32640737.000000
3321181.313659;32642136.000000
3334532.859956;32644569.000000
3325343.705655;32646400.000000
