1.313663;16.000000
1.377372;19.000000
1.311222;9.000000
1.311843;23.000000
1.329716;23.000000
1.310731;7.000000
1.370458;17.000000
1.349837;23.000000
1.281199;26.000000
1.302092;20.000000
1.324949;6.000000
1.300377;11.000000
1.262452;15.000000
1.361210;17.000000
1.311349;16.000000
1.427115;9.000000
1.393936;20.000000
1.334349;9.000000
1.324001;6.000000
1.394460;20.000000
1.379956;6.000000
1.349223;6.000000
1.260121;15.000000
1.344639;23.000000
1.451013;32.000000
1.323334;9.000000
1.323109;6.000000
1.435526;37.000000
1.304876;38.000000
1.360367;16.000000
1.302736;39.000000
1.331675;9.000000
1.325315;32.000000
1.288277;14.000000
1.350410;5.000000
1.371302;23.000000
1.338527;30.000000
1.364872;6.000000
1.320413;2.000000
1.286555;15.000000
1.279454;12.000000
1.349718;23.000000
1.298812;32.000000
1.293467;7.000000
1.350849;39.000000
1.304524;11.000000
1.376823;18.000000
1.339359;6.000000
1.324653;14.000000
1.270373;21.000000
1.357230;6.000000
1.316444;11.000000
1.366572;18.000000
1.296125;5.000000
1.315596;7.000000
1.397328;16.000000
1.324891;28.000000
1.353727;15.000000
1.316790;27.000000
1.313234;16.000000
1.353692;9.000000
1.329209;9.000000
1.410966;13.000000
1.403068;23.000000
1.314281;6.000000
1.321239;12.000000
1.298552;15.000000
1.388423;6.000000
1.403448;9.000000
1.320916;6.000000
1.321130;9.000000
1.362603;6.000000
1.313938;8.000000
1.339409;7.000000
1.305372;6.000000
1.270132;4.000000
1.257368;18.000000
1.353860;6.000000
1.358547;9.000000
1.309805;16.000000
1.355387;18.000000
1.322019;21.000000
1.383813;16.000000
1.359347;14.000000
1.297319;19.000000
1.264029;8.000000
1.392836;8.000000
1.356739;10.000000
1.376259;13.000000
1.317999;4.000000
1.371015;14.000000
1.482873;9.000000
1.259101;6.000000
1.361479;14.000000
1.275974;9.000000
1.299024;13.000000
1.291304;7.000000
1.364018;16.000000
1.311183;34.000000
1.330820;12.000000
