512381.434741;4800239.000000
512709.388894;4807385.000000
513062.704106;4813956.000000
512744.341108;4820554.000000
513057.781244;4827606.000000
514829.562196;4834109.000000
514977.718266;4841052.000000
516585.273301;4848034.000000
518578.668565;4855382.000000
518434.595052;4862056.000000
519910.737113;4868766.000000
518399.753211;4875562.000000
520936.794848;4882539.000000
521787.279416;4889619.000000
523041.826531;4896560.000000
522501.142636;4903219.000000
522185.735186;4909558.000000
523909.202608;4916382.000000
522654.198098;4923189.000000
524441.943366;4929887.000000
525927.967785;4936821.000000
525270.230812;4943526.000000
526644.057781;4950210.000000
524721.370297;4956879.000000
529552.219008;4963461.000000
529885.354509;4970073.000000
531814.532420;4977469.000000
533199.692625;4983749.000000
529550.976103;4990050.000000
534843.912514;4996954.000000
532739.015973;5003207.000000
532423.444438;5009922.000000
532887.164152;5016518.000000
533866.460372;5023563.000000
533782.115975;5030014.000000
533756.284256;5036520.000000
536693.715551;5043410.000000
538114.790568;5050210.000000
541936.085454;5057124.000000
540792.942944;5063520.000000
540579.193460;5069992.000000
539947.647697;5077016.000000
540092.562214;5083591.000000
544408.979389;5091004.000000
543112.455362;5097469.000000
545770.128284;5104320.000000
544259.550600;5111145.000000
544725.426758;5118041.000000
548386.312145;5125550.000000
543962.146817;5132426.000000
548275.947380;5139124.000000
547104.964861;5145632.000000
549520.161426;5151848.000000
549590.931293;5158327.000000
548847.390389;5164751.000000
553913.919147;5171666.000000
552571.621836;5178534.000000
552947.004779;5185027.000000
550060.850609;5191023.000000
552417.887229;5197287.000000
553061.509307;5203701.000000
556325.803760;5210626.000000
554626.277800;5217865.000000
556396.421687;5223881.000000
559110.245813;5230839.000000
558983.215164;5238257.000000
557179.758890;5244361.000000
560180.593629;5251112.000000
559948.029864;5258145.000000
561053.273918;5265715.000000
561955.495735;5272743.000000
560242.804950;5279643.000000
562563.397074;5286539.000000
564936.287790;5293160.000000
568038.022937;5299960.000000
566114.945469;5306925.000000
563057.678057;5313309.000000
566102.984025;5320348.000000
566497.625439;5327495.000000
569208.374584;5333868.000000
569532.234601;5340852.000000
568400.927253;5347470.000000
567766.934515;5354133.000000
572414.075712;5361197.000000
573171.776164;5368114.000000
573875.214931;5374828.000000
574669.095305;5381762.000000
575604.176234;5388423.000000
573178.024122;5394665.000000
574536.291516;5401154.000000
577467.030714;5408400.000000
577402.264181;5415502.000000
578006.206175;5421859.000000
580794.303566;5428792.000000
579684.912898;5435925.000000
581127.025174;5442644.000000
580101.660618;5449773.000000
582579.146961;5456213.000000
581060.866431;5463011.000000
583820.896317;5469798.000000
