3717610.033141;37738765.000000
3712681.844161;37737271.000000
3717090.290603;37735368.000000
3718851.234332;37733745.000000
3710840.954861;37732489.000000
3713437.322800;37730650.000000
3712597.181778;37729293.000000
3708099.121915;37727821.000000
3727020.601279;37726200.000000
3728778.878581;37724537.000000
3721004.120081;37723269.000000
3706604.012897;37721517.000000
3713144.863766;37720096.000000
3720268.566285;37718419.000000
3729557.684146;37717067.000000
3728160.263600;37716274.000000
3720722.458688;37714806.000000
3704024.449776;37713112.000000
3716741.978501;37711258.000000
3724030.351286;37709408.000000
3728915.543992;37707751.000000
3709942.174215;37706193.000000
3712314.622146;37704529.000000
3702758.276203;37702896.000000
3705609.543209;37701450.000000
3705474.374769;37699928.000000
3717017.110491;37698395.000000
3725390.624482;37696724.000000
3718431.969771;37695437.000000
3698117.389589;37693873.000000
3710101.097100;37692661.000000
3686420.243344;37690689.000000
3712785.358197;37689534.000000
3711261.552491;37687389.000000
3727376.030667;37686115.000000
3719618.202121;37685045.000000
3717195.671511;37683670.000000
3732818.344302;37682509.000000
3712938.124205;37680425.000000
3708555.055848;37678684.000000
3720477.306903;37676573.000000
3710752.735474;37674547.000000
3720108.757761;37673368.000000
3705853.368181;37671698.000000
3710980.795061;37670365.000000
3723573.578464;37668898.000000
3707426.967587;37667363.000000
3719862.841856;37665940.000000
3708925.711488;37664535.000000
3710930.421666;37662838.000000
3730780.463753;37661640.000000
3726497.714917;37660560.000000
3694609.842404;37658575.000000
3702473.749338;37656395.000000
3705956.625694;37654837.000000
3710751.872314;37653824.000000
3711939.795684;37651801.000000
3709216.687253;37649900.000000
3702968.417413;37647894.000000
3718438.739625;37646446.000000
3718462.228320;37644921.000000
3705119.593234;37643577.000000
3709666.337128;37642198.000000
3712213.306695;37640502.000000
3716913.505079;37639232.000000
3720893.465123;37638168.000000
3721920.824771;37637061.000000
3719946.277322;37635666.000000
3693166.635500;37633839.000000
3710709.833439;37632235.000000
3696183.913961;37630221.000000
3712375.783425;37629060.000000
3719377.074473;37627881.000000
3696569.121945;37626346.000000
3711736.369390;37625326.000000
3706168.478600;37623344.000000
3706857.465198;37621838.000000
3722836.304686;37620492.000000
3723256.248515;37619346.000000
3695409.151946;37617808.000000
3704278.362404;37616216.000000
3699082.097524;37614709.000000
3699437.342427;37613018.000000
3701680.161234;37611780.000000
3699222.126305;37610041.000000
3708895.910944;37608834.000000
3714881.079007;37607776.000000
3702834.879589;37606226.000000
3719043.342076;37604729.000000
3717604.823892;37603645.000000
3711231.804660;37602251.000000
3716947.362661;37600482.000000
3680811.854348;37598307.000000
3698780.461113;37597137.000000
3711896.526242;37595785.000000
3704646.249767;37593847.000000
3693131.239812;37591850.000000
3722648.224046;37590474.000000
3714783.994908;37589213.000000
3692852.035711;37587624.000000
