3060513.256668;29880064.000000
3053011.708775;29882707.000000
3047239.343961;29885015.000000
3061662.807814;29887304.000000
3057587.882098;29889262.000000
3045123.251921;29891515.000000
3049891.771535;29894160.000000
3048401.305609;29896214.000000
3069142.450873;29899002.000000
3072599.456354;29901749.000000
3058131.314884;29903849.000000
3052144.824862;29905712.000000
3054289.323302;29907613.000000
3072437.152455;29910146.000000
3056081.434905;29912384.000000
3074254.201886;29914949.000000
3054153.038479;29916983.000000
3069162.546440;29919484.000000
3077922.878836;29922060.000000
3083743.866102;29924885.000000
3065426.495465;29927332.000000
3052088.931503;29929845.000000
3049653.363302;29932323.000000
3059012.354067;29934811.000000
3071054.846699;29937463.000000
3064405.386482;29940137.000000
3052741.464884;29942066.000000
3064279.365245;29944616.000000
3059702.999499;29947093.000000
3067090.330963;29949944.000000
3070266.937344;29952726.000000
3054028.830912;29955158.000000
3076046.892382;29957723.000000
3082797.305332;29959862.000000
3062730.823384;29962234.000000
3080059.273258;29964957.000000
3081506.433348;29967822.000000
3070624.241095;29970265.000000
3069478.185128;29972809.000000
3064277.329456;29975150.000000
3077693.958854;29977991.000000
3074792.043339;29980773.000000
3074936.585500;29983544.000000
3065754.979549;29986073.000000
3061747.770328;29988437.000000
3059165.343625;29990564.000000
3069456.101850;29993284.000000
3078821.254767;29995996.000000
3078706.981867;29998472.000000
3077014.394154;30001496.000000
3082529.262470;30004104.000000
3083965.985204;30007120.000000
3096285.836385;30009894.000000
3065377.568749;30012207.000000
3084054.545935;30015127.000000
3066905.603975;30017770.000000
3083177.695874;30020632.000000
3074506.784033;30023235.000000
3071110.160030;30025762.000000
3067045.592339;30027945.000000
3064535.726951;30030313.000000
3058805.174340;30032148.000000
3079106.034176;30034519.000000
3079134.611001;30037177.000000
3078442.199381;30039763.000000
3087119.320936;30042335.000000
3066825.105086;30044652.000000
3065209.899126;30046893.000000
3077849.629493;30049227.000000
3065805.927282;30051309.000000
3072262.827260;30053948.000000
3081915.953367;30056522.000000
3074776.689618;30058732.000000
3073368.106009;30061537.000000
3076286.899467;30064005.000000
3079996.154888;30066889.000000
3087670.295083;30069848.000000
3082727.568965;30072014.000000
3076861.926518;30074577.000000
3090999.625519;30076941.000000
3071833.050354;30078954.000000
3081691.391634;30081286.000000
3091839.089264;30084047.000000
3083291.032764;30086776.000000
3072419.348249;30089535.000000
3064717.414512;30091514.000000
3073356.920565;30093734.000000
3079723.342908;30095710.000000
3080358.159611;30098216.000000
3080313.708217;30100321.000000
3075499.159377;30102859.000000
3069035.097590;30105041.000000
3095392.468927;30107457.000000
3066339.663646;30109540.000000
3090834.613600;30112120.000000
3079480.680701;30114766.000000
3094691.234299;30117512.000000
3073103.278776;30119468.000000
3095992.873090;30121896.000000
3089065.450173;30124479.000000
