2823019.603268;27195482.000000
2817037.513397;27199531.000000
2815184.613363;27203542.000000
2818203.837761;27207422.000000
2838547.618243;27211871.000000
2817880.527762;27215180.000000
2819848.734629;27219183.000000
2809036.294472;27222806.000000
2820500.063473;27226788.000000
2828666.354204;27230853.000000
2816855.530513;27234229.000000
2847107.463346;27238408.000000
2832130.443732;27242338.000000
2832597.675863;27246378.000000
2834830.262765;27250552.000000
2834100.408991;27254820.000000
2835211.687653;27258722.000000
2823411.513472;27262478.000000
2834842.751929;27266854.000000
2834455.928904;27270687.000000
2825845.814778;27275173.000000
2841212.198205;27279453.000000
2844432.965488;27283424.000000
2836270.153621;27287733.000000
2837090.319115;27291105.000000
2831666.479699;27294551.000000
2835582.772953;27298986.000000
2839859.634313;27303382.000000
2838291.991040;27307951.000000
2844736.257621;27312506.000000
2849955.221585;27317299.000000
2825061.793601;27321282.000000
2821114.538773;27325002.000000
2843860.136318;27328729.000000
2830063.196886;27332311.000000
2836466.800580;27336108.000000
2844357.755801;27339607.000000
2832513.331055;27343483.000000
2847705.008216;27347667.000000
2844487.178394;27351953.000000
2839884.079973;27355943.000000
2842447.515725;27359654.000000
2832827.299077;27363472.000000
2834294.082102;27367452.000000
2826237.046997;27370661.000000
2849861.069350;27375106.000000
2859233.887745;27379803.000000
2857940.239681;27383734.000000
2838610.764993;27387447.000000
2832268.759022;27390936.000000
2842432.102139;27394700.000000
2844252.042612;27398888.000000
2856310.564068;27403084.000000
2861713.068138;27407153.000000
2833919.465143;27410726.000000
2842633.038927;27414735.000000
2862317.943086;27419386.000000
2841037.486482;27423259.000000
2853205.280913;27427485.000000
2832073.851763;27431300.000000
2833412.872599;27434765.000000
2849479.796994;27438749.000000
2844949.536058;27442378.000000
2842231.701109;27446294.000000
2847105.844211;27450623.000000
2844488.304322;27454373.000000
2832676.680001;27458138.000000
2858618.968648;27462518.000000
2837623.243818;27466629.000000
2843057.355999;27470328.000000
2843080.827630;27474099.000000
2840407.608398;27477591.000000
2851970.632843;27480978.000000
2847211.862508;27484745.000000
2848402.887505;27488911.000000
2853650.870954;27492650.000000
2861965.458937;27496874.000000
2852362.069091;27500614.000000
2850452.166463;27504836.000000
2842177.356714;27508196.000000
2842121.399156;27511567.000000
2861567.567952;27515352.000000
2845022.911627;27519165.000000
2856633.721968;27523174.000000
2869694.157438;27527026.000000
2833785.220960;27530285.000000
2857303.208314;27534095.000000
2848146.263613;27537759.000000
2830372.089046;27541680.000000
2869808.742518;27545326.000000
2869783.923938;27549505.000000
2863290.763128;27553832.000000
2881380.266644;27557818.000000
2860347.997165;27561173.000000
2858354.199199;27565563.000000
2850200.358351;27569109.000000
2851714.364909;27573180.000000
2858043.448418;27577072.000000
2842432.062218;27580230.000000
2842773.064605;27584141.000000
