3760270.113242;37794597.000000
3750749.455492;37794061.000000
3767622.724485;37793515.000000
3780033.978167;37793013.000000
3773556.652610;37792285.000000
3744402.003266;37791476.000000
3755189.314055;37790941.000000
3754059.085409;37790487.000000
3765283.866489;37789816.000000
3754705.112210;37789364.000000
3774139.398970;37788740.000000
3773591.775411;37787741.000000
3753191.801547;37787342.000000
3745290.256960;37786433.000000
3755668.950765;37785670.000000
3753016.360638;37784866.000000
3761193.922174;37783894.000000
3750286.589930;37783186.000000
3756418.378529;37782405.000000
3753852.042973;37782156.000000
3753454.738645;37782197.000000
3738771.764738;37781424.000000
3760523.283396;37781261.000000
3777578.428081;37781268.000000
3761586.605246;37780639.000000
3747047.658982;37779660.000000
3771511.616685;37779060.000000
3742746.140899;37778483.000000
3756881.269845;37778084.000000
3776047.279875;37777995.000000
3771215.510496;37777845.000000
3765141.246257;37777551.000000
3764534.637993;37776852.000000
3747608.263607;37776322.000000
3766019.299442;37775912.000000
3757667.411531;37775153.000000
3765335.626426;37774460.000000
3764012.919126;37774091.000000
3747139.169794;37773929.000000
3754953.868902;37772661.000000
3758067.259172;37772097.000000
3746036.850227;37771968.000000
3767157.052421;37771961.000000
3790814.758479;37772134.000000
3756912.101030;37771724.000000
3751859.431121;37771289.000000
3730094.597049;37770080.000000
3760268.284171;37769256.000000
3746456.830068;37768375.000000
3754309.609253;37767397.000000
3749788.811874;37767100.000000
3783660.620731;37766991.000000
3747610.200207;37766866.000000
3761661.495733;37766657.000000
3751754.725453;37766086.000000
3777657.176553;37766191.000000
3757033.310136;37765509.000000
3753873.943565;37764796.000000
3758121.814348;37764576.000000
3755241.913743;37763715.000000
3758448.938011;37763385.000000
3759290.113528;37762680.000000
3764538.899984;37762364.000000
3770011.769208;37762147.000000
3777931.271642;37761479.000000
3770264.787479;37760727.000000
3753924.824481;37759935.000000
3754421.760115;37759096.000000
3768578.878574;37758988.000000
3738853.364682;37758042.000000
3747446.937489;37757575.000000
3764025.659647;37756891.000000
3762619.985522;37755964.000000
3758218.847220;37755307.000000
3733986.275074;37754682.000000
3771734.059758;37754850.000000
3780949.817615;37754477.000000
3745095.248225;37753633.000000
3754436.534731;37752858.000000
3753906.187067;37752465.000000
3758651.277456;37751535.000000
3770590.368698;37751520.000000
3767514.149780;37750645.000000
3754677.839274;37749381.000000
3762271.921508;37748985.000000
3760940.225968;37748456.000000
3744932.018707;37747834.000000
3751379.913531;37746768.000000
3782585.864635;37746567.000000
3761948.901891;37746096.000000
3762067.441557;37745859.000000
3732198.665689;37744663.000000
3767377.160477;37744028.000000
3747886.008732;37744169.000000
3736015.544923;37743583.000000
3767907.644867;37743486.000000
3762931.664152;37743297.000000
3743241.881138;37742541.000000
3752216.562548;37741801.000000
3727513.777084;37740618.000000
