1.210301;5.000000
1.281043;13.000000
1.259787;5.000000
1.239485;9.000000
1.248690;17.000000
1.193480;11.000000
1.280298;5.000000
1.230279;14.000000
1.248257;4.000000
1.232412;23.000000
1.298385;14.000000
1.217780;12.000000
1.286195;12.000000
1.277022;9.000000
1.219570;4.000000
1.239612;13.000000
1.275706;14.000000
1.306065;12.000000
1.297170;16.000000
1.213088;18.000000
1.242879;8.000000
1.175278;20.000000
1.235886;11.000000
1.254942;13.000000
1.244629;10.000000
1.260083;15.000000
1.338827;9.000000
1.254117;12.000000
1.244769;8.000000
1.247744;34.000000
1.252501;12.000000
1.293004;12.000000
1.246043;9.000000
1.272966;23.000000
1.238313;13.000000
1.257500;18.000000
1.249696;13.000000
1.239808;6.000000
1.207126;9.000000
1.301869;37.000000
1.247355;13.000000
1.237331;5.000000
1.237570;9.000000
1.258844;18.000000
1.222571;18.000000
1.284030;7.000000
1.247794;8.000000
1.298388;13.000000
1.277187;2.000000
1.277928;12.000000
1.252835;19.000000
1.218971;13.000000
1.251826;13.000000
1.250271;6.000000
1.269462;7.000000
1.232608;4.000000
1.182672;15.000000
1.256664;35.000000
1.224424;21.000000
1.251631;17.000000
1.247217;36.000000
1.228926;11.000000
1.242672;14.000000
1.211856;11.000000
1.257600;16.000000
1.209036;10.000000
1.240731;13.000000
1.215471;19.000000
1.323584;16.000000
1.311348;10.000000
1.191804;3.000000
1.261490;4.000000
1.234073;20.000000
1.233337;26.000000
1.260735;11.000000
1.262522;4.000000
1.171800;7.000000
1.221925;22.000000
1.236000;6.000000
1.215890;16.000000
1.292881;37.000000
1.243893;16.000000
1.255894;14.000000
1.238166;27.000000
1.242158;13.000000
1.207273;11.000000
1.268473;11.000000
1.259997;13.000000
1.320918;8.000000
1.212940;10.000000
1.215372;20.000000
1.248294;13.000000
1.289627;10.000000
1.245345;6.000000
1.273315;12.000000
1.227681;8.000000
1.256752;10.000000
1.246895;26.000000
1.256370;18.000000
1.236198;7.000000
