1.181288;24.000000
1.250906;25.000000
1.215990;7.000000
1.216826;15.000000
1.282977;16.000000
1.198024;6.000000
1.272067;23.000000
1.233981;22.000000
1.237544;8.000000
1.190273;30.000000
1.173941;20.000000
1.189484;18.000000
1.230812;6.000000
1.238953;9.000000
1.184740;21.000000
1.203706;11.000000
1.244142;9.000000
1.254576;7.000000
1.260383;7.000000
1.251689;20.000000
1.322145;21.000000
1.266728;11.000000
1.338214;9.000000
1.244814;17.000000
1.262551;17.000000
1.165448;8.000000
1.243740;12.000000
1.212447;6.000000
1.195586;11.000000
1.205975;23.000000
1.284304;10.000000
1.233663;9.000000
1.168266;6.000000
1.216306;15.000000
1.255433;15.000000
1.186747;6.000000
1.278906;45.000000
1.258478;7.000000
1.258069;15.000000
1.216673;17.000000
1.257502;10.000000
1.271203;11.000000
1.230875;18.000000
1.215855;12.000000
1.229500;24.000000
1.253423;19.000000
1.226960;3.000000
1.242783;11.000000
1.250595;8.000000
1.262250;8.000000
1.242038;25.000000
1.237756;18.000000
1.210745;5.000000
1.256217;17.000000
1.220703;18.000000
1.231258;15.000000
1.237859;7.000000
1.222816;22.000000
1.277512;15.000000
1.231157;18.000000
1.215723;11.000000
1.208253;12.000000
1.248831;28.000000
1.241544;3.000000
1.278371;6.000000
1.272337;18.000000
1.240996;4.000000
1.249523;7.000000
1.201575;3.000000
1.255864;4.000000
1.218929;24.000000
1.252141;7.000000
1.195630;16.000000
1.233853;33.000000
1.274218;4.000000
1.224880;10.000000
1.163720;16.000000
1.224993;23.000000
1.233877;9.000000
1.274068;10.000000
1.217111;8.000000
1.225622;10.000000
1.231403;13.000000
1.187827;35.000000
1.215717;20.000000
1.270385;3.000000
1.230844;14.000000
1.252113;13.000000
1.281852;16.000000
1.230290;11.000000
1.251044;14.000000
1.216946;13.000000
1.220983;2.000000
1.250359;10.000000
1.254475;5.000000
1.263862;11.000000
1.266551;12.000000
1.266486;13.000000
1.256719;6.000000
1.298308;2.000000
