1.264952;23.000000
1.298459;8.000000
1.320294;6.000000
1.303773;1.000000
1.308250;2.000000
1.300045;6.000000
1.213214;7.000000
1.300078;4.000000
1.293395;26.000000
1.313301;10.000000
1.268927;19.000000
1.293593;4.000000
1.278300;13.000000
1.317886;17.000000
1.346298;15.000000
1.346942;13.000000
1.497648;6.000000
1.387420;9.000000
1.266938;16.000000
1.339688;25.000000
1.394838;7.000000
1.324769;12.000000
1.252585;11.000000
1.311097;13.000000
1.342668;19.000000
1.245594;20.000000
1.343674;18.000000
1.224729;8.000000
1.319015;23.000000
1.315264;13.000000
1.276690;20.000000
1.351202;10.000000
1.295179;4.000000
1.306347;15.000000
1.298819;15.000000
1.367435;10.000000
1.392138;8.000000
1.288404;16.000000
1.323774;13.000000
1.389369;6.000000
1.355374;5.000000
1.353090;7.000000
1.342811;11.000000
1.289533;9.000000
1.297602;3.000000
1.197816;13.000000
1.340931;8.000000
1.326190;14.000000
1.411046;26.000000
1.336981;14.000000
1.388678;26.000000
1.225273;5.000000
1.304213;14.000000
1.365362;28.000000
1.350606;15.000000
1.255239;2.000000
1.285294;5.000000
1.283991;2.000000
1.278018;12.000000
1.264996;7.000000
1.341285;39.000000
1.307209;20.000000
1.214459;12.000000
1.305440;13.000000
1.308303;24.000000
1.408459;9.000000
1.414931;15.000000
1.372846;2.000000
1.233196;12.000000
1.343037;16.000000
1.328550;6.000000
1.346258;13.000000
1.290220;6.000000
1.335511;8.000000
1.333531;22.000000
1.330145;6.000000
1.327074;7.000000
1.327991;9.000000
1.394557;6.000000
1.260085;7.000000
1.258124;4.000000
1.332834;1.000000
1.314097;8.000000
1.296281;14.000000
1.393586;1.000000
1.329228;69.000000
1.297421;6.000000
1.218621;5.000000
1.359195;20.000000
1.317900;18.000000
1.326591;23.000000
1.256259;21.000000
1.355253;9.000000
1.280831;12.000000
1.367423;15.000000
1.323042;17.000000
1.306258;19.000000
1.355439;25.000000
1.294689;4.000000
1.272465;12.000000
