1132192.923106;12510108.000000
1130568.233009;12498868.000000
1132399.796505;12487424.000000
1120977.591912;12475519.000000
1122071.050422;12464019.000000
1124714.865753;12452795.000000
1123915.831519;12441337.000000
1120942.703017;12429801.000000
1122477.739001;12418174.000000
1124564.016152;12407009.000000
1120989.081659;12395541.000000
1123590.721161;12384313.000000
1123032.493421;12373156.000000
1121946.027328;12361630.000000
1121004.872847;12350541.000000
1119176.644203;12339441.000000
1118424.606621;12328068.000000
1114351.891450;12316495.000000
1112019.236991;12304679.000000
1110844.216424;12293514.000000
1108295.130377;12281621.000000
1107813.491820;12270222.000000
1109825.947967;12258965.000000
1111528.960977;12247423.000000
1109363.688663;12235812.000000
1102142.235993;12224043.000000
1101708.994733;12212885.000000
1104773.651309;12201419.000000
1102627.745031;12190010.000000
1099536.276262;12178619.000000
1097556.067211;12167583.000000
1097503.481633;12155848.000000
1099717.515361;12144663.000000
1099553.771299;12133383.000000
1097148.659222;12122108.000000
1092564.326167;12110257.000000
1095891.880281;12098426.000000
1087019.350450;12087238.000000
1097166.310891;12076355.000000
1096066.188200;12065591.000000
1091724.867603;12054276.000000
1091914.944165;12042844.000000
1088085.524752;12031585.000000
1092570.002799;12020665.000000
1083994.883705;12009103.000000
1088188.093832;11997699.000000
1084510.577818;11986066.000000
1082364.850650;11974739.000000
1079454.818983;11963276.000000
1078573.891818;11951553.000000
1078666.792014;11939719.000000
1081062.273822;11928404.000000
1075207.900352;11916580.000000
1080061.867315;11904827.000000
1076909.866729;11893580.000000
1076931.500593;11882468.000000
1080540.198684;11871251.000000
1066627.793115;11859010.000000
1076317.693861;11847963.000000
1072903.865286;11836602.000000
1069848.645573;11824850.000000
1065089.497013;11813290.000000
1067193.558412;11801778.000000
1067682.611519;11790727.000000
1069533.737876;11779343.000000
1067508.584799;11768428.000000
1059320.391270;11756708.000000
1059379.677385;11745104.000000
1065788.344477;11734407.000000
1062031.453141;11723164.000000
1057891.098276;11711911.000000
1060175.430136;11700531.000000
1055386.018312;11688989.000000
1061719.673013;11677810.000000
1060077.171139;11666359.000000
1054413.613117;11655182.000000
1052233.753499;11644211.000000
1046409.911399;11633068.000000
1056247.919499;11621535.000000
1048307.101986;11609473.000000
1047529.037147;11597710.000000
1051762.518744;11586153.000000
1048535.249188;11574839.000000
1048081.313785;11563412.000000
1038762.459298;11551886.000000
1038928.283848;11540334.000000
1040177.694233;11528562.000000
1043881.245507;11516848.000000
1035654.546734;11505479.000000
1041259.872920;11494211.000000
1042385.069934;11483119.000000
1042980.844657;11471820.000000
1042433.137139;11460708.000000
1032096.679062;11449109.000000
1027925.798478;11436836.000000
1036512.390702;11425605.000000
1031900.744830;11413706.000000
1033485.768354;11402271.000000
1030438.568907;11390983.000000
1031710.544369;11379996.000000
