1612413.525841;17532721.000000
1608847.121546;17523143.000000
1614134.754243;17513642.000000
1601317.511613;17503703.000000
1603775.273428;17493789.000000
1604665.684610;17484080.000000
1604710.865174;17474559.000000
1611777.269287;17465268.000000
1605706.827874;17456007.000000
1610183.657054;17447098.000000
1603119.704519;17437880.000000
1604616.091556;17428975.000000
1606333.849346;17419127.000000
1609174.336674;17409980.000000
1594437.867146;17400241.000000
1600792.746775;17390724.000000
1594757.286848;17380620.000000
1597749.186839;17371294.000000
1593879.733817;17361562.000000
1593372.913378;17351768.000000
1592495.457598;17342255.000000
1597061.141816;17333027.000000
1599062.917434;17323755.000000
1591205.384328;17314014.000000
1588357.103660;17303791.000000
1583981.390352;17293622.000000
1587556.833896;17283952.000000
1583115.084806;17274242.000000
1589685.261496;17264477.000000
1580414.893809;17254706.000000
1578629.156767;17244646.000000
1579719.449717;17235350.000000
1585498.123803;17225997.000000
1578510.804655;17216474.000000
1583062.966647;17207121.000000
1587401.038044;17197766.000000
1583729.402138;17188498.000000
1583944.786761;17178499.000000
1578617.026454;17169115.000000
1580665.656593;17159819.000000
1575152.006076;17150174.000000
1580668.389700;17140892.000000
1578615.542586;17131514.000000
1574499.972737;17122183.000000
1571117.105090;17112520.000000
1573639.048880;17103214.000000
1569312.361109;17093528.000000
1573938.367991;17084152.000000
1565574.989903;17074576.000000
1565015.995922;17065050.000000
1567228.404818;17055176.000000
1564403.220036;17046257.000000
1558798.660526;17036330.000000
1569316.559465;17027167.000000
1563903.376528;17017782.000000
1560714.506819;17008389.000000
1567952.105530;16999035.000000
1563701.516457;16989846.000000
1558276.400398;16980278.000000
1564775.806519;16970393.000000
1560647.200970;16961274.000000
1560249.091625;16951637.000000
1551702.439587;16941931.000000
1547636.427425;16931874.000000
1562164.990551;16922892.000000
1551355.100826;16913538.000000
1557606.093760;16903808.000000
1552589.316248;16894576.000000
1552484.464290;16884998.000000
1549555.808237;16875515.000000
1549914.173620;16866128.000000
1546927.735351;16856710.000000
1546836.882107;16847293.000000
1553316.063539;16837878.000000
1552199.094409;16828603.000000
1546636.193913;16818825.000000
1541766.870132;16809178.000000
1546364.815110;16800113.000000
1550307.206607;16790340.000000
1539779.829473;16780823.000000
1536898.688250;16770913.000000
1545973.840081;16761215.000000
1536877.804476;16751280.000000
1543420.640152;16742029.000000
1534352.320747;16732419.000000
1534083.364235;16722759.000000
1541106.860483;16713668.000000
1532243.032933;16703990.000000
1537178.775202;16694711.000000
1535922.881478;16685812.000000
1531509.591707;16675923.000000
1544039.788459;16666876.000000
1534990.274948;16657348.000000
1531272.736625;16647843.000000
1536471.363816;16639110.000000
1530698.448000;16630166.000000
1521801.203365;16620868.000000
1531362.591159;16611248.000000
1523753.112233;16602260.000000
1523822.779382;16592939.000000
