1.236916;16.000000
1.250231;26.000000
1.263253;8.000000
1.260196;5.000000
1.260615;20.000000
1.245524;30.000000
1.242812;4.000000
1.202019;31.000000
1.209255;16.000000
1.282368;12.000000
1.184391;38.000000
1.311571;9.000000
1.205767;35.000000
1.280275;12.000000
1.294877;15.000000
1.203180;10.000000
1.277462;17.000000
1.254053;4.000000
1.235695;16.000000
1.221517;1.000000
1.239891;28.000000
1.219877;9.000000
1.237575;5.000000
1.300711;23.000000
1.263616;22.000000
1.213307;8.000000
1.212680;8.000000
1.267379;8.000000
1.344015;14.000000
1.255590;17.000000
1.285076;13.000000
1.251701;8.000000
1.218223;9.000000
1.266688;7.000000
1.241587;9.000000
1.291539;5.000000
1.274318;28.000000
1.286367;11.000000
1.304757;6.000000
1.259673;18.000000
1.266402;7.000000
1.234872;5.000000
1.277890;23.000000
1.306962;3.000000
1.223030;6.000000
1.218519;23.000000
1.258147;27.000000
1.316735;10.000000
1.222516;3.000000
1.236701;22.000000
1.179909;7.000000
1.276638;23.000000
1.292737;20.000000
1.307853;9.000000
1.209325;19.000000
1.268986;10.000000
1.299063;25.000000
1.278297;23.000000
1.204600;17.000000
1.242876;7.000000
1.205049;11.000000
1.256284;25.000000
1.277074;9.000000
1.255700;14.000000
1.241952;1.000000
1.249725;3.000000
1.262716;9.000000
1.281219;14.000000
1.237666;21.000000
1.276728;10.000000
1.272983;9.000000
1.217845;5.000000
1.343676;19.000000
1.180052;6.000000
1.277965;46.000000
1.277929;20.000000
1.318154;17.000000
1.252827;9.000000
1.335506;43.000000
1.273455;15.000000
1.253429;10.000000
1.228955;16.000000
1.287745;17.000000
1.235644;8.000000
1.290034;19.000000
1.205847;22.000000
1.215411;3.000000
1.181362;13.000000
1.290563;7.000000
1.224568;34.000000
1.270970;10.000000
1.291304;13.000000
1.279851;20.000000
1.278574;8.000000
1.243042;7.000000
1.208694;16.000000
1.239793;9.000000
1.205032;6.000000
1.266560;8.000000
1.222611;39.000000
