1929452.018581;18739547.000000
1928296.943939;18742904.000000
1931946.095735;18745942.000000
1930827.449071;18749425.000000
1928592.000995;18752588.000000
1934205.444304;18754804.000000
1916937.642268;18757748.000000
1929273.675014;18760902.000000
1934866.249161;18764356.000000
1931175.717133;18767609.000000
1937925.435565;18771195.000000
1932469.355546;18774038.000000
1928677.337254;18777092.000000
1933580.081996;18780045.000000
1936429.080927;18783363.000000
1941571.456703;18786507.000000
1939878.805873;18789602.000000
1936912.568388;18792479.000000
1939146.548987;18795647.000000
1934525.923026;18799026.000000
1938003.006444;18801947.000000
1937017.011654;18804726.000000
1935348.545408;18807531.000000
1928778.454096;18810790.000000
1935342.072114;18814027.000000
1940567.302488;18817065.000000
1943506.080217;18820046.000000
1941849.220274;18823183.000000
1944171.122885;18826496.000000
1945020.615784;18829471.000000
1955842.549036;18833176.000000
1946257.302609;18836806.000000
1944739.217023;18840932.000000
1939695.144402;18843936.000000
1941295.711769;18846771.000000
1946201.775594;18850048.000000
1939181.767033;18853111.000000
1939357.627660;18855847.000000
1945326.916873;18859201.000000
1939069.288915;18861835.000000
1941261.900620;18864368.000000
1940010.497258;18867089.000000
1949775.733017;18870535.000000
1948772.186401;18873999.000000
1947911.777210;18877009.000000
1959790.608283;18880811.000000
1941111.798293;18883480.000000
1940142.360121;18886618.000000
1950502.226529;18889699.000000
1952963.536466;18892670.000000
1946956.964821;18896022.000000
1938169.342449;18899082.000000
1945380.897622;18902287.000000
1948673.436440;18905565.000000
1941248.456510;18908698.000000
1943073.043424;18912023.000000
1946902.084152;18915011.000000
1959424.921027;18918287.000000
1950029.471491;18921520.000000
1946682.915862;18924245.000000
1950746.683262;18927612.000000
1956310.495807;18931002.000000
1951286.291191;18934116.000000
1950444.709969;18937052.000000
1947427.114131;18939845.000000
1940471.117243;18942354.000000
1950490.942652;18945704.000000
1959640.324191;18949017.000000
1953096.984840;18952190.000000
1955115.286770;18955375.000000
1961983.392248;18959052.000000
1952590.314362;18962800.000000
1950007.434196;18965894.000000
1948516.116970;18968841.000000
1944954.188807;18971764.000000
1956245.538881;18974484.000000
1954625.100023;18977762.000000
1946457.653127;18980912.000000
1944396.174608;18983670.000000
1955928.912148;18986831.000000
1948315.971859;18989582.000000
1948280.132593;18992847.000000
1949894.331279;18995457.000000
1951760.684335;18998250.000000
1956758.632477;19001352.000000
1962230.503110;19004312.000000
1953622.748845;19006824.000000
1953148.806148;19010416.000000
1957516.035456;19013598.000000
1962488.488989;19016918.000000
1963020.073620;19019994.000000
1960505.324325;19023379.000000
1963464.099282;19026084.000000
1967092.658989;19029588.000000
1963518.092109;19032924.000000
1974725.399302;19036360.000000
1971450.241353;19039959.000000
1967794.004621;19043147.000000
1952625.195801;19046074.000000
1964135.965159;19049115.000000
