3207017.337760;31200118.000000
3209850.113439;31203294.000000
3202153.606745;31206268.000000
3212717.997060;31209444.000000
3211040.107639;31212782.000000
3216175.908879;31214918.000000
3218767.663898;31217811.000000
3199566.394715;31220723.000000
3212067.183981;31223755.000000
3212818.053959;31227149.000000
3215810.069654;31230588.000000
3215550.356945;31233737.000000
3201029.828037;31236606.000000
3213354.617619;31239607.000000
3210267.006928;31242534.000000
3213811.390588;31245603.000000
3223337.512423;31249107.000000
3228263.167238;31251695.000000
3227275.789551;31254999.000000
3209647.420759;31257807.000000
3214744.455923;31260885.000000
3217144.543439;31263889.000000
3222718.500723;31266931.000000
3228337.860327;31269961.000000
3209956.433134;31273292.000000
3225451.998060;31276574.000000
3222268.921391;31279579.000000
3218107.390845;31283092.000000
3244065.759103;31286343.000000
3224538.696905;31288879.000000
3207903.860646;31292089.000000
3219401.775131;31295267.000000
3212704.180375;31298417.000000
3225990.030989;31301878.000000
3219595.419928;31304872.000000
3237039.124819;31307938.000000
3224199.967128;31310953.000000
3231836.775130;31314158.000000
3227664.032698;31316847.000000
3239855.639202;31320433.000000
3214115.973517;31323269.000000
3200660.527631;31326088.000000
3225811.924841;31329179.000000
3224893.151725;31331831.000000
3234014.911128;31335049.000000
3215054.414407;31338110.000000
3226146.872004;31341032.000000
3228106.345318;31344122.000000
3221851.070465;31347336.000000
3243907.679196;31350505.000000
3234505.364006;31353513.000000
3243585.144976;31356769.000000
3211964.020661;31359616.000000
3246782.294275;31363417.000000
3248904.023324;31366936.000000
3212528.146005;31370149.000000
3230049.690298;31373545.000000
3229819.929923;31376948.000000
3215043.530732;31379586.000000
3236583.954849;31383197.000000
3247450.756429;31386622.000000
3228619.033353;31389683.000000
3228280.601124;31392683.000000
3228011.502300;31395743.000000
3244425.714968;31398804.000000
3241049.730659;31401956.000000
3226052.310751;31404962.000000
3214348.620460;31407067.000000
3219404.925379;31409915.000000
3246728.497031;31413032.000000
3228526.159841;31416254.000000
3231753.802287;31419172.000000
3240253.749836;31421778.000000
3227638.762745;31424984.000000
3233584.807894;31428281.000000
3246959.278707;31431904.000000
3241846.991383;31435182.000000
3241152.160947;31438544.000000
3223709.106792;31440992.000000
3241270.763782;31443726.000000
3255204.541872;31446906.000000
3233466.922839;31450514.000000
3226860.828126;31453716.000000
3242434.077788;31456781.000000
3241462.309237;31459887.000000
3231282.067771;31463462.000000
3247089.520145;31466656.000000
3240035.966979;31469284.000000
3229452.577618;31472780.000000
3257599.967628;31475692.000000
3255636.231356;31478594.000000
3243082.985206;31481886.000000
3240460.885998;31485046.000000
3243931.940052;31488217.000000
3250519.491398;31491120.000000
3235871.273236;31493982.000000
3247999.602631;31497005.000000
3228877.083092;31499784.000000
3238811.175196;31502514.000000
3237040.611426;31505181.000000
