3790729.055041;37140434.000000
3774152.028472;37142456.000000
3787928.032734;37144386.000000
3787835.700897;37146217.000000
3784295.307915;37148558.000000
3796319.081393;37149776.000000
3781206.732161;37151419.000000
3788957.156176;37153001.000000
3802972.825161;37155042.000000
3768451.495128;37156688.000000
3785847.450663;37158370.000000
3805171.610099;37160406.000000
3793545.920029;37162300.000000
3786706.838844;37164218.000000
3794347.653326;37166446.000000
3793765.732422;37168504.000000
3792361.642561;37170761.000000
3789841.958614;37172625.000000
3781409.307942;37174307.000000
3774608.764794;37175865.000000
3802967.247200;37178180.000000
3816435.381296;37180446.000000
3801343.018644;37182495.000000
3777783.122967;37183808.000000
3793989.321118;37185599.000000
3777198.461087;37187332.000000
3771211.800229;37189002.000000
3804705.042094;37191856.000000
3801366.114007;37194138.000000
3788879.294973;37196378.000000
3773244.126796;37197830.000000
3785801.323734;37199793.000000
3785202.480876;37201861.000000
3787979.126273;37204061.000000
3782116.912498;37206558.000000
3795994.575621;37209081.000000
3807767.730611;37210637.000000
3779650.694221;37212422.000000
3812598.984252;37214535.000000
3792034.049511;37216649.000000
3804103.354607;37218588.000000
3793126.111607;37220742.000000
3773704.995255;37222465.000000
3783681.486635;37224587.000000
3778254.826440;37226527.000000
3788330.821564;37228750.000000
3800458.941228;37230192.000000
3789788.287239;37232077.000000
3772865.542937;37233893.000000
3806879.049561;37236448.000000
3782814.702569;37238506.000000
3796741.437456;37240576.000000
3805981.085659;37243025.000000
3784967.887991;37244956.000000
3795609.258343;37247357.000000
3807917.387853;37249712.000000
3832573.783593;37252357.000000
3792256.555819;37254122.000000
3818436.252957;37256688.000000
3807894.333819;37258981.000000
3803204.339271;37260756.000000
3794013.109170;37262139.000000
3778829.283082;37264288.000000
3812824.190679;37266440.000000
3804141.762039;37268305.000000
3795666.775557;37270203.000000
3797256.132757;37271639.000000
3814542.677630;37273567.000000
3794512.104021;37275742.000000
3791003.325294;37277506.000000
3787719.271292;37279122.000000
3785638.004350;37280887.000000
3798322.543017;37283006.000000
3778033.377042;37285516.000000
3795828.504098;37287327.000000
3793732.930448;37289069.000000
3787301.191069;37290799.000000
3793586.391651;37293024.000000
3822929.064484;37295392.000000
3786879.157598;37297061.000000
3790147.204056;37298796.000000
3789947.797843;37300706.000000
3781841.280664;37302438.000000
3809117.303083;37304996.000000
3780988.702844;37306978.000000
3793004.535512;37308574.000000
3826698.422511;37310597.000000
3804749.376223;37312320.000000
3778218.206707;37314311.000000
3794634.825599;37316233.000000
3797439.442670;37318502.000000
3800168.594487;37320827.000000
3796410.224908;37323079.000000
3807784.071004;37325191.000000
3776263.472268;37326901.000000
3815172.254233;37329184.000000
3814071.880896;37330972.000000
3820538.069467;37333086.000000
3788209.133093;37334785.000000
3807906.217740;37336558.000000
