3788912.169131;36838870.000000
3774874.311642;36841805.000000
3785631.035158;36844591.000000
3793508.388069;36847415.000000
3785019.953905;36850139.000000
3781343.652855;36853080.000000
3805904.910929;36855349.000000
3786021.714743;36858393.000000
3773911.073110;36861170.000000
3789473.511345;36864025.000000
3781662.148903;36867349.000000
3778690.842162;36870374.000000
3805701.386270;36873666.000000
3797486.673044;36876462.000000
3792264.218652;36879397.000000
3801579.348729;36882167.000000
3801343.903840;36885304.000000
3801190.130888;36888457.000000
3808417.264734;36891300.000000
3805477.359551;36894077.000000
3798151.081015;36897443.000000
3790491.919757;36899921.000000
3790233.681802;36903043.000000
3793821.384344;36906207.000000
3792256.478036;36909479.000000
3797774.971334;36912454.000000
3800993.968244;36915695.000000
3803550.145238;36918416.000000
3814694.917362;36921587.000000
3796091.111961;36924487.000000
3795018.191233;36927195.000000
3795586.827886;36930278.000000
3825475.282381;36933825.000000
3800420.989553;36936691.000000
3810606.421624;36939999.000000
3794641.103063;36942822.000000
3812209.576493;36945789.000000
3798103.396068;36948817.000000
3799395.545644;36951579.000000
3797780.902530;36954639.000000
3791384.997289;36957510.000000
3817032.575746;36960365.000000
3822140.518248;36963325.000000
3793339.187801;36966246.000000
3762866.438273;36969183.000000
3774149.641368;36971459.000000
3816496.123759;36974688.000000
3799438.065507;36977691.000000
3795945.586906;36980831.000000
3788554.011396;36983883.000000
3824406.024569;36987369.000000
3802821.842919;36990581.000000
3796592.713296;36994006.000000
3808184.064275;36997377.000000
3805131.816818;37000190.000000
3786199.972341;37003131.000000
3808223.677532;37006680.000000
3814093.641625;37009856.000000
3808447.359830;37013025.000000
3822657.702020;37016251.000000
3799708.281752;37018856.000000
3795490.449970;37021707.000000
3824704.163566;37025372.000000
3800529.578960;37028270.000000
3820817.566661;37031589.000000
3804655.398860;37034443.000000
3807536.134418;37037279.000000
3813094.202326;37040306.000000
3812316.404191;37043165.000000
3812087.057582;37046369.000000
3824369.790337;37049411.000000
3806200.236088;37052564.000000
3814904.623698;37055078.000000
3819424.802552;37057977.000000
3801874.453840;37060568.000000
3829045.948825;37064116.000000
3817669.457118;37067098.000000
3814352.054516;37070600.000000
3825649.341275;37073754.000000
3839621.512082;37076996.000000
3818048.089627;37080028.000000
3805068.164830;37083007.000000
3805546.155811;37086039.000000
3826835.854365;37089222.000000
3817484.576268;37092872.000000
3808809.906724;37095481.000000
3808641.381082;37098746.000000
3810478.479212;37101362.000000
3807249.249277;37104078.000000
3828526.046968;37107987.000000
3810782.715587;37110613.000000
3808924.711545;37113590.000000
3833136.331428;37116553.000000
3818799.478631;37119577.000000
3802340.391720;37122822.000000
3813996.745170;37125993.000000
3802432.622719;37129380.000000
3815708.042402;37132693.000000
3818514.817432;37135533.000000
3815092.270765;37138462.000000
