1.195280;10.000000
1.239741;3.000000
1.219966;13.000000
1.272196;6.000000
1.239377;29.000000
1.239245;6.000000
1.235645;13.000000
1.276030;5.000000
1.239708;7.000000
1.283577;21.000000
1.220498;12.000000
1.237477;7.000000
1.226870;7.000000
1.215218;9.000000
1.275664;11.000000
1.263159;10.000000
1.272278;11.000000
1.226643;3.000000
1.244174;16.000000
1.252199;5.000000
1.230591;4.000000
1.210794;13.000000
1.272347;38.000000
1.222433;16.000000
1.243952;6.000000
1.241759;6.000000
1.218838;15.000000
1.300075;2.000000
1.195621;8.000000
1.235983;18.000000
1.235915;7.000000
1.251840;16.000000
1.191729;28.000000
1.341257;6.000000
1.245940;5.000000
1.217282;8.000000
1.225500;35.000000
1.333275;11.000000
1.179706;6.000000
1.198856;5.000000
1.215215;8.000000
1.171235;13.000000
1.180197;13.000000
1.236210;7.000000
1.248189;9.000000
1.149664;4.000000
1.238439;38.000000
1.224938;3.000000
1.284989;1.000000
1.271666;15.000000
1.240598;13.000000
1.239873;12.000000
1.291600;18.000000
1.218606;9.000000
1.219456;16.000000
1.299441;19.000000
1.246717;11.000000
1.217852;11.000000
1.247355;6.000000
1.159623;21.000000
1.203525;12.000000
1.248323;18.000000
1.263485;16.000000
1.251675;2.000000
1.281537;4.000000
1.184497;9.000000
1.245228;21.000000
1.226421;6.000000
1.207781;2.000000
1.230919;8.000000
1.266847;9.000000
1.259653;9.000000
1.236462;5.000000
1.293524;7.000000
1.234855;10.000000
1.264886;3.000000
1.295748;10.000000
1.224001;12.000000
1.242049;18.000000
1.252228;4.000000
1.182802;30.000000
1.215131;6.000000
1.211765;2.000000
1.256699;17.000000
1.211840;13.000000
1.217567;8.000000
1.199242;7.000000
1.285778;6.000000
1.241953;17.000000
1.251734;7.000000
1.198238;16.000000
1.202604;12.000000
1.214296;19.000000
1.237712;7.000000
1.271956;5.000000
1.204298;10.000000
1.273456;8.000000
1.214107;12.000000
1.257521;14.000000
1.226217;27.000000
