1.229517;10.000000
1.230173;16.000000
1.249808;12.000000
1.240840;3.000000
1.275565;16.000000
1.257825;9.000000
1.156594;16.000000
1.213543;12.000000
1.246423;4.000000
1.228855;25.000000
1.241456;22.000000
1.237778;4.000000
1.236214;12.000000
1.318120;9.000000
1.271661;21.000000
1.254333;7.000000
1.257254;13.000000
1.309910;14.000000
1.196121;21.000000
1.292796;7.000000
1.190613;15.000000
1.308854;17.000000
1.293490;27.000000
1.305025;10.000000
1.228521;6.000000
1.250765;28.000000
1.245283;7.000000
1.208901;2.000000
1.242886;9.000000
1.264093;35.000000
1.283554;25.000000
1.272482;14.000000
1.308835;17.000000
1.242471;8.000000
1.276159;26.000000
1.259636;25.000000
1.245879;7.000000
1.281667;21.000000
1.238210;6.000000
1.254929;13.000000
1.263306;13.000000
1.287113;7.000000
1.271260;11.000000
1.284629;13.000000
1.283176;20.000000
1.249775;11.000000
1.226616;14.000000
1.238465;24.000000
1.282848;14.000000
1.274381;22.000000
1.206887;3.000000
1.206272;23.000000
1.313531;12.000000
1.230131;22.000000
1.274143;32.000000
1.292861;15.000000
1.236943;7.000000
1.223439;17.000000
1.256611;19.000000
1.241098;20.000000
1.274091;4.000000
1.242597;19.000000
1.240709;12.000000
1.234457;31.000000
1.222357;21.000000
1.237502;12.000000
1.333176;22.000000
1.187722;10.000000
1.355038;9.000000
1.273145;11.000000
1.308533;6.000000
1.281915;13.000000
1.236749;19.000000
1.219872;7.000000
1.268123;31.000000
1.263400;34.000000
1.263890;11.000000
1.205366;7.000000
1.223961;16.000000
1.262548;9.000000
1.221639;3.000000
1.293625;32.000000
1.238388;9.000000
1.256065;5.000000
1.238827;12.000000
1.282826;16.000000
1.297472;15.000000
1.232848;20.000000
1.261591;36.000000
1.248558;7.000000
1.289056;8.000000
1.247874;21.000000
1.232470;37.000000
1.300699;4.000000
1.268147;8.000000
1.224693;8.000000
1.292454;22.000000
1.272309;7.000000
1.256481;24.000000
1.210147;20.000000
