1.338780;7.000000
1.431762;5.000000
1.440675;9.000000
1.329991;12.000000
1.449043;5.000000
1.357630;10.000000
1.522093;12.000000
1.361194;23.000000
1.381216;2.000000
1.412500;10.000000
1.374691;3.000000
1.340332;12.000000
1.452071;23.000000
1.394257;8.000000
1.326369;16.000000
1.363333;23.000000
1.406966;4.000000
1.414951;12.000000
1.327184;14.000000
1.495977;17.000000
1.422069;8.000000
1.386732;11.000000
1.483645;14.000000
1.466920;12.000000
1.340141;9.000000
1.490811;9.000000
1.451427;20.000000
1.276046;19.000000
1.409895;14.000000
1.453045;9.000000
1.409859;17.000000
1.381370;30.000000
1.404140;7.000000
1.375628;12.000000
1.390979;16.000000
1.329359;15.000000
1.302059;23.000000
1.445690;8.000000
1.378977;11.000000
1.370491;25.000000
1.400036;6.000000
1.368000;30.000000
1.379100;17.000000
1.430577;20.000000
1.422410;12.000000
1.422875;47.000000
1.409419;4.000000
1.394702;17.000000
1.382567;15.000000
1.451011;7.000000
1.387182;13.000000
1.482029;31.000000
1.457202;13.000000
1.508093;12.000000
1.394852;14.000000
1.386261;5.000000
1.391249;7.000000
1.410391;25.000000
1.315611;14.000000
1.413579;6.000000
1.365598;18.000000
1.472021;25.000000
1.380111;26.000000
1.453849;10.000000
1.377176;5.000000
1.330732;24.000000
1.479031;3.000000
1.426445;4.000000
1.363743;30.000000
1.433625;4.000000
1.417248;28.000000
1.351490;32.000000
1.362158;37.000000
1.426068;4.000000
1.429297;27.000000
1.394313;9.000000
1.373982;6.000000
1.292756;5.000000
1.299978;39.000000
1.403526;35.000000
1.369534;36.000000
1.407671;22.000000
1.404178;8.000000
1.442145;21.000000
1.359363;32.000000
1.410920;6.000000
1.355319;15.000000
1.412686;23.000000
1.440519;4.000000
1.378242;2.000000
1.340254;10.000000
1.404202;32.000000
1.302796;5.000000
1.395003;21.000000
1.366571;6.000000
1.451306;6.000000
1.442155;17.000000
1.371158;2.000000
1.487878;19.000000
1.385417;8.000000
