888149.334899;8274686.000000
888257.747387;8282264.000000
888868.334086;8290194.000000
890324.838423;8297562.000000
890964.505984;8304978.000000
887762.944501;8311995.000000
891469.130040;8319318.000000
890376.762335;8326504.000000
892707.083599;8333654.000000
894257.479311;8340870.000000
892373.075334;8347896.000000
898708.907797;8355645.000000
894915.573814;8362893.000000
896771.530251;8370033.000000
900002.711455;8377388.000000
899565.429990;8384752.000000
899301.737222;8392771.000000
900510.939232;8400086.000000
907738.659673;8407864.000000
902743.072798;8415283.000000
901148.240043;8422074.000000
905257.647366;8429784.000000
911151.177914;8437620.000000
902505.931035;8444204.000000
905905.853338;8451468.000000
907112.739246;8459353.000000
907035.192344;8466955.000000
910733.921201;8474557.000000
910471.097920;8482200.000000
911671.995632;8489823.000000
916178.157553;8497257.000000
915581.608921;8504632.000000
916966.332083;8511985.000000
913159.680438;8519146.000000
915538.259844;8526453.000000
916412.865822;8534281.000000
918499.315323;8541550.000000
914814.502116;8548761.000000
914551.522049;8555951.000000
917653.282900;8563200.000000
920010.902267;8570141.000000
915106.560103;8577108.000000
921264.396469;8584180.000000
923997.290937;8591409.000000
924349.790381;8598623.000000
930580.066963;8606359.000000
920527.067458;8613605.000000
923674.651376;8620680.000000
926612.728650;8628019.000000
926160.193036;8635111.000000
921262.853926;8642265.000000
928123.789731;8649627.000000
926504.535950;8656496.000000
933203.565209;8664193.000000
933977.575957;8671879.000000
924912.994921;8678966.000000
932308.558593;8686705.000000
934813.488339;8693958.000000
931956.425132;8701079.000000
941522.814150;8709053.000000
934359.958629;8716306.000000
932313.130888;8723703.000000
940322.310261;8731373.000000
934086.575027;8739026.000000
935724.501869;8746387.000000
938217.745202;8753988.000000
938685.369270;8761541.000000
939710.237897;8768372.000000
939336.084458;8775488.000000
945238.362115;8782733.000000
943565.123950;8789741.000000
945133.869096;8797429.000000
945962.188918;8804851.000000
944484.729892;8812102.000000
949656.651490;8819596.000000
947474.690394;8827369.000000
949633.306131;8835128.000000
947941.015308;8842421.000000
951482.801870;8849926.000000
949329.232772;8857341.000000
953467.330500;8865150.000000
947397.815329;8872463.000000
956545.512263;8880299.000000
951192.640624;8887744.000000
954100.983553;8895337.000000
952852.544953;8902419.000000
953309.022860;8909671.000000
953709.033836;8916621.000000
960901.249158;8924195.000000
963245.319073;8931783.000000
957907.045547;8939009.000000
958224.909307;8946512.000000
962030.402857;8954102.000000
963043.444882;8961765.000000
962028.788511;8969291.000000
959893.836320;8976374.000000
961739.274500;8983438.000000
963434.880313;8990322.000000
964273.267395;8997649.000000
963525.088509;9004711.000000
