3523360.601381;36164871.000000
3528421.713792;36162443.000000
3538419.304391;36159787.000000
3530134.028810;36157147.000000
3540260.722425;36154300.000000
3519523.202558;36151433.000000
3510028.509614;36148534.000000
3523103.936409;36145866.000000
3529631.760102;36143473.000000
3530929.570996;36140814.000000
3515733.485792;36137652.000000
3521170.135391;36134349.000000
3518493.708678;36131907.000000
3538018.031615;36129214.000000
3524806.714211;36126037.000000
3538495.459775;36123405.000000
3512670.154045;36120656.000000
3525868.867817;36117958.000000
3524794.665270;36115000.000000
3520188.669381;36112190.000000
3523152.836149;36109058.000000
3533000.785987;36106808.000000
3520302.414044;36104050.000000
3501310.605849;36100746.000000
3538019.532866;36098435.000000
3533040.810330;36095619.000000
3515085.757730;36092882.000000
3530809.013856;36090366.000000
3513737.388899;36087843.000000
3529392.345942;36085178.000000
3501995.404860;36082108.000000
3525730.091299;36079928.000000
3526733.773145;36077572.000000
3528377.265471;36075142.000000
3517379.846760;36072242.000000
3518293.113356;36069463.000000
3516313.262498;36066198.000000
3488050.793199;36062879.000000
3503614.620569;36059897.000000
3512145.158094;36057308.000000
3533060.564048;36054974.000000
3522709.747748;36052169.000000
3523473.571611;36049639.000000
3503582.601283;36046577.000000
3521305.892749;36043877.000000
3500967.264252;36041112.000000
3515173.558679;36038439.000000
3535003.866168;36036445.000000
3505612.984483;36033236.000000
3495658.546976;36030179.000000
3514808.203339;36027595.000000
3515897.396277;36025210.000000
3517068.417033;36022859.000000
3519529.377252;36019926.000000
3521272.997982;36017440.000000
3495037.989241;36014278.000000
3524829.135852;36011564.000000
3520331.292515;36008244.000000
3513944.863585;36005424.000000
3499350.106039;36003193.000000
3513445.321697;36000554.000000
3502214.357253;35997306.000000
3506792.153153;35994251.000000
3508324.835861;35991291.000000
3507865.163604;35988935.000000
3501501.523047;35985955.000000
3508019.531946;35983079.000000
3514421.341086;35980637.000000
3508722.250131;35978037.000000
3506643.762499;35975394.000000
3505035.970212;35972733.000000
3524402.611502;35970084.000000
3521446.998127;35967477.000000
3503564.752490;35964628.000000
3517971.545686;35962484.000000
3521770.157943;35960033.000000
3492521.828007;35957069.000000
3501369.674382;35954256.000000
3501664.839206;35951566.000000
3515647.625769;35948861.000000
3488290.442028;35945714.000000
3508789.508770;35942823.000000
3505942.757306;35940220.000000
3517019.025225;35937345.000000
3495132.099178;35934550.000000
3495351.949549;35932083.000000
3515493.607548;35929490.000000
3504638.612871;35926872.000000
3482701.354002;35923711.000000
3503317.069232;35921114.000000
3511368.516544;35918771.000000
3511734.790136;35916112.000000
3509068.940425;35913398.000000
3503384.787394;35910946.000000
3502882.757806;35908141.000000
3513338.074797;35905215.000000
3530362.721107;35902645.000000
3495247.410643;35900346.000000
3491537.575190;35897211.000000
3491208.767346;35894278.000000
