711378.514621;6509499.000000
712755.803027;6519165.000000
711122.509917;6527941.000000
716171.783123;6537240.000000
711122.811142;6546444.000000
714328.483941;6555658.000000
719611.145417;6565136.000000
713567.371612;6573782.000000
721822.000815;6583451.000000
719595.045940;6592932.000000
721995.257667;6602178.000000
725314.800320;6611669.000000
722471.379044;6621026.000000
725758.730454;6629985.000000
727007.843919;6639116.000000
727082.658239;6647891.000000
727168.596490;6657708.000000
732103.114278;6667596.000000
730724.985393;6676567.000000
733705.053364;6685818.000000
730406.494715;6695377.000000
731744.279620;6704209.000000
733742.897531;6713395.000000
732051.636033;6722539.000000
734450.886793;6731745.000000
736233.942168;6740801.000000
742244.603442;6750307.000000
733475.317762;6759018.000000
741028.021029;6768038.000000
742115.175077;6777217.000000
746457.464033;6786419.000000
744948.215563;6795769.000000
745774.026924;6805116.000000
745489.640193;6814894.000000
746583.341748;6824234.000000
750010.378508;6834025.000000
750006.958625;6843382.000000
746791.037534;6852051.000000
748886.949278;6860926.000000
746362.125718;6869979.000000
751502.719781;6879480.000000
751850.326220;6888692.000000
753257.680030;6897511.000000
757936.087084;6907054.000000
759973.498307;6916228.000000
757848.138978;6925594.000000
758657.708210;6934998.000000
761520.260794;6944975.000000
762573.005958;6954512.000000
763367.603908;6964004.000000
764664.218548;6973573.000000
763443.846936;6982720.000000
762799.294182;6991917.000000
764136.031839;7001460.000000
766845.379499;7011341.000000
769098.692206;7020530.000000
768499.347800;7029914.000000
766724.266114;7039225.000000
766984.703998;7048186.000000
772146.136223;7057575.000000
775239.119513;7067176.000000
773966.715773;7076376.000000
777702.330272;7085769.000000
773492.550285;7094948.000000
770960.973065;7103846.000000
779745.513994;7112965.000000
780612.885706;7122673.000000
778226.492715;7131711.000000
784561.233863;7141103.000000
780244.860314;7150365.000000
786996.823891;7160085.000000
784028.266805;7169795.000000
782661.262921;7179198.000000
785012.336299;7188403.000000
786896.000297;7197480.000000
787294.890247;7207365.000000
788408.630164;7216515.000000
789054.831124;7226332.000000
790960.257207;7235667.000000
796833.078180;7245306.000000
792110.694665;7254237.000000
793552.788501;7263643.000000
797362.123032;7273267.000000
792341.660525;7282215.000000
795338.361018;7290798.000000
793280.983575;7299557.000000
793938.059165;7308576.000000
797917.740816;7317899.000000
800218.299129;7326796.000000
803868.675055;7336475.000000
801913.396554;7345324.000000
801638.587569;7354598.000000
804274.996402;7363922.000000
803912.884486;7372928.000000
803764.041605;7381882.000000
806897.258288;7391116.000000
810792.320499;7400465.000000
812983.829475;7410414.000000
808259.698008;7419104.000000
811991.836944;7428722.000000
