2960994.077191;30745818.000000
2948201.122853;30741395.000000
2949478.689942;30737033.000000
2967133.090313;30732683.000000
2964350.383207;30728055.000000
2959984.516290;30722763.000000
2951318.503238;30718151.000000
2956088.633422;30713438.000000
2966940.943751;30709522.000000
2944453.943310;30704828.000000
2953413.244978;30700783.000000
2936788.683223;30695882.000000
2956815.650889;30691562.000000
2960255.927718;30687535.000000
2949924.977594;30683623.000000
2951442.482461;30679200.000000
2948486.368715;30675103.000000
2950577.949947;30670476.000000
2955078.058058;30666208.000000
2951105.996188;30661825.000000
2948683.461403;30657588.000000
2932476.324905;30653008.000000
2945650.497419;30649107.000000
2949972.560471;30645346.000000
2953344.867496;30641497.000000
2943591.092116;30637164.000000
2936722.826443;30632500.000000
2949398.873850;30628203.000000
2942869.766032;30624135.000000
2939110.994678;30619938.000000
2946182.041829;30615756.000000
2947341.085843;30611381.000000
2949033.853262;30607606.000000
2938308.159690;30603313.000000
2947980.793881;30598798.000000
2939250.127172;30594200.000000
2949195.559713;30590009.000000
2945063.088879;30585876.000000
2943145.834295;30581227.000000
2932396.839616;30576339.000000
2963186.884427;30572286.000000
2941401.066173;30568024.000000
2930620.453647;30563663.000000
2936596.990575;30559687.000000
2937194.632595;30555119.000000
2950508.314797;30551225.000000
2942549.766093;30547385.000000
2933607.877840;30542882.000000
2938770.559851;30538849.000000
2935619.389375;30534315.000000
2935437.987496;30529730.000000
2944245.342160;30525747.000000
2932563.171365;30521417.000000
2927073.670263;30517296.000000
2942266.175576;30513344.000000
2945735.275112;30509028.000000
2937489.641759;30504125.000000
2909434.025236;30499781.000000
2931402.310721;30495509.000000
2945508.378963;30491085.000000
2942431.739561;30487063.000000
2929013.910607;30482530.000000
2946909.309617;30478247.000000
2930133.675033;30474129.000000
2935358.335007;30470054.000000
2908229.142450;30465216.000000
2935995.344967;30460920.000000
2913740.269532;30456293.000000
2917574.579240;30451677.000000
2925968.635021;30447394.000000
2922352.743483;30443103.000000
2937094.379753;30438834.000000
2929772.571390;30434405.000000
2918279.650611;30429648.000000
2919231.209483;30425728.000000
2907351.460199;30421082.000000
2930403.748702;30417062.000000
2924359.470928;30412983.000000
2917852.669603;30408568.000000
2923729.287151;30404070.000000
2914889.996912;30399788.000000
2929147.129589;30395308.000000
2919241.354966;30391081.000000
2917478.291984;30386859.000000
2928448.354329;30382957.000000
2907560.906594;30378221.000000
2924073.712954;30373784.000000
2931867.894085;30369883.000000
2911305.038179;30365235.000000
2921906.730690;30360961.000000
2926306.767766;30356986.000000
2917211.383962;30352523.000000
2916385.404466;30348433.000000
2915831.873469;30343605.000000
2920057.125344;30339178.000000
2899713.922934;30334745.000000
2915252.991607;30330277.000000
2907283.503592;30326219.000000
2932647.707809;30322560.000000
2922670.451169;30318034.000000
