1.325639;23.000000
1.349017;19.000000
1.343295;16.000000
1.507433;8.000000
1.386115;10.000000
1.397124;16.000000
1.454238;33.000000
1.425780;13.000000
1.403805;16.000000
1.425675;3.000000
1.420399;18.000000
1.360222;26.000000
1.493599;6.000000
1.348232;15.000000
1.468477;8.000000
1.360160;8.000000
1.376262;10.000000
1.559199;20.000000
1.433269;17.000000
1.395696;17.000000
1.505018;11.000000
1.431058;26.000000
1.437233;8.000000
1.444530;20.000000
1.384618;52.000000
1.463703;15.000000
1.432536;16.000000
1.379678;10.000000
1.422129;13.000000
1.401870;16.000000
1.498205;12.000000
1.344852;5.000000
1.434395;22.000000
1.369120;12.000000
1.445000;22.000000
1.481618;7.000000
1.412823;14.000000
1.371160;5.000000
1.371684;16.000000
1.522850;10.000000
1.409565;5.000000
1.502514;20.000000
1.338591;1.000000
1.488476;4.000000
1.466568;8.000000
1.525739;20.000000
1.425002;31.000000
1.495719;20.000000
1.426289;7.000000
1.343144;16.000000
1.428765;50.000000
1.393412;15.000000
1.415363;13.000000
1.310706;18.000000
1.462252;7.000000
1.405612;15.000000
1.410313;10.000000
1.374336;16.000000
1.466747;11.000000
1.418767;11.000000
1.384183;14.000000
1.417489;5.000000
1.318663;16.000000
1.514899;6.000000
1.401948;16.000000
1.390399;2.000000
1.437412;10.000000
1.465332;17.000000
1.475213;3.000000
1.305493;12.000000
1.348394;11.000000
1.406405;19.000000
1.436175;9.000000
1.451900;6.000000
1.369956;25.000000
1.459077;15.000000
1.426441;13.000000
1.433510;7.000000
1.384665;23.000000
1.433939;7.000000
1.342668;12.000000
1.359577;23.000000
1.407454;11.000000
1.396211;4.000000
1.373956;4.000000
1.446007;5.000000
1.497749;10.000000
1.424734;9.000000
1.497619;22.000000
1.411097;8.000000
1.483884;6.000000
1.456139;7.000000
1.414963;21.000000
1.320901;8.000000
1.475980;14.000000
1.396362;30.000000
1.375009;4.000000
1.392911;16.000000
1.421122;2.000000
1.341199;3.000000
