1.235131;21.000000
1.279816;7.000000
1.247833;23.000000
1.247263;10.000000
1.253228;12.000000
1.201031;3.000000
1.251748;4.000000
1.247774;10.000000
1.257309;12.000000
1.210679;10.000000
1.234368;9.000000
1.189661;9.000000
1.252324;6.000000
1.286759;22.000000
1.228360;4.000000
1.249938;5.000000
1.186271;9.000000
1.269200;19.000000
1.235291;5.000000
1.292762;16.000000
1.350823;25.000000
1.261290;11.000000
1.300398;19.000000
1.278187;23.000000
1.284084;16.000000
1.266760;3.000000
1.270852;11.000000
1.231496;8.000000
1.210895;15.000000
1.229521;6.000000
1.296272;14.000000
1.258458;5.000000
1.276393;8.000000
1.257820;4.000000
1.265032;8.000000
1.203550;10.000000
1.256877;23.000000
1.204178;12.000000
1.224309;3.000000
1.266698;4.000000
1.247323;9.000000
1.273133;5.000000
1.224990;16.000000
1.226177;13.000000
1.271936;12.000000
1.229287;21.000000
1.209285;8.000000
1.236582;23.000000
1.285168;32.000000
1.234022;13.000000
1.228995;4.000000
1.257871;12.000000
1.260986;9.000000
1.234657;26.000000
1.215376;20.000000
1.221783;11.000000
1.308605;15.000000
1.174256;7.000000
1.195441;19.000000
1.218333;15.000000
1.331284;10.000000
1.251428;17.000000
1.267806;14.000000
1.198600;13.000000
1.251344;7.000000
1.320301;19.000000
1.286893;9.000000
1.225133;23.000000
1.189998;12.000000
1.295653;6.000000
1.264845;5.000000
1.241962;12.000000
1.248101;6.000000
1.210556;5.000000
1.275967;7.000000
1.225259;6.000000
1.225660;20.000000
1.224666;13.000000
1.238042;11.000000
1.199444;18.000000
1.230333;19.000000
1.253889;8.000000
1.228778;26.000000
1.308196;8.000000
1.255813;10.000000
1.289872;24.000000
1.232625;7.000000
1.271664;20.000000
1.246163;5.000000
1.207956;19.000000
1.216887;15.000000
1.222593;15.000000
1.249610;13.000000
1.244982;9.000000
1.271534;12.000000
1.292773;12.000000
1.251757;16.000000
1.239956;9.000000
1.252923;15.000000
1.254993;9.000000
