1.319154;7.000000
1.318822;10.000000
1.356973;15.000000
1.297385;10.000000
1.328376;7.000000
1.260571;19.000000
1.423582;16.000000
1.335736;37.000000
1.326690;7.000000
1.380850;8.000000
1.275758;11.000000
1.293138;18.000000
1.457875;14.000000
1.386242;19.000000
1.276224;4.000000
1.308100;5.000000
1.322964;8.000000
1.426561;8.000000
1.318394;14.000000
1.355397;16.000000
1.328643;6.000000
1.391329;6.000000
1.345697;33.000000
1.396704;12.000000
1.373210;15.000000
1.303371;15.000000
1.405596;6.000000
1.328333;25.000000
1.307045;9.000000
1.382112;18.000000
1.353536;13.000000
1.276688;5.000000
1.357590;1.000000
1.346108;8.000000
1.300080;6.000000
1.320197;30.000000
1.384392;28.000000
1.375403;5.000000
1.322934;16.000000
1.318152;25.000000
1.382629;7.000000
1.318697;26.000000
1.327756;13.000000
1.301203;15.000000
1.345432;8.000000
1.327819;13.000000
1.369785;9.000000
1.350604;12.000000
1.413821;6.000000
1.347422;11.000000
1.388825;30.000000
1.329680;6.000000
1.378397;26.000000
1.279971;12.000000
1.374310;17.000000
1.397306;5.000000
1.411998;4.000000
1.360116;9.000000
1.406792;9.000000
1.308270;19.000000
1.381675;16.000000
1.291633;21.000000
1.374915;23.000000
1.328930;29.000000
1.362214;3.000000
1.291586;6.000000
1.370386;15.000000
1.297871;17.000000
1.328914;14.000000
1.316785;29.000000
1.428234;7.000000
1.286844;15.000000
1.309742;4.000000
1.323545;9.000000
1.350316;13.000000
1.354001;13.000000
1.299623;11.000000
1.340306;13.000000
1.311586;5.000000
1.326786;16.000000
1.327328;23.000000
1.291698;5.000000
1.385191;28.000000
1.373348;8.000000
1.297014;41.000000
1.367151;29.000000
1.343667;5.000000
1.316376;21.000000
1.345323;17.000000
1.261558;12.000000
1.381358;20.000000
1.385109;13.000000
1.297884;21.000000
1.268072;6.000000
1.340993;13.000000
1.360171;3.000000
1.296335;14.000000
1.274473;25.000000
1.339145;21.000000
1.339608;22.000000
