1199360.447720;11093119.000000
1198268.544979;11101449.000000
1200319.768880;11109413.000000
1199120.135339;11117340.000000
1201620.287993;11125078.000000
1196447.927789;11132982.000000
1203815.836161;11140883.000000
1203959.855914;11149190.000000
1212879.499179;11157531.000000
1205183.398997;11165320.000000
1211774.646730;11173144.000000
1212417.391680;11181814.000000
1209421.341524;11189882.000000
1208337.083648;11197801.000000
1214349.294484;11206210.000000
1212485.838394;11213965.000000
1213006.392055;11222143.000000
1212420.845399;11230312.000000
1222607.877383;11238607.000000
1210625.728267;11246981.000000
1220953.960422;11254891.000000
1214770.389273;11262196.000000
1214113.858478;11269880.000000
1216063.577716;11277836.000000
1210644.519884;11285481.000000
1219027.960566;11293147.000000
1221450.904662;11301382.000000
1220246.293968;11309499.000000
1217432.847098;11316957.000000
1225956.610193;11324583.000000
1218384.046703;11331968.000000
1231988.039006;11339971.000000
1223110.567976;11347847.000000
1231787.872481;11356676.000000
1228023.196952;11364718.000000
1225756.713400;11373039.000000
1226551.507219;11380911.000000
1227558.017814;11388900.000000
1238017.914422;11396880.000000
1230747.598393;11405328.000000
1228058.334723;11413095.000000
1238451.444530;11421614.000000
1237071.987014;11429815.000000
1231835.934369;11437852.000000
1236301.346829;11445762.000000
1239440.128508;11453919.000000
1236534.655226;11461796.000000
1236088.796712;11469430.000000
1238891.159175;11477524.000000
1242040.771305;11485422.000000
1242560.126037;11493264.000000
1244363.077049;11501731.000000
1240779.502141;11509804.000000
1246023.246711;11517593.000000
1243096.475898;11525531.000000
1246112.996097;11533558.000000
1248176.615369;11541265.000000
1248964.331887;11549547.000000
1251165.679172;11557177.000000
1249674.962822;11565242.000000
1253920.898198;11573714.000000
1242808.308436;11581375.000000
1250651.388279;11588969.000000
1254918.482797;11597185.000000
1260820.775200;11605488.000000
1257957.846330;11613839.000000
1261571.099441;11622045.000000
1254776.575256;11630323.000000
1258714.800636;11638635.000000
1254621.376211;11646611.000000
1264145.339677;11655171.000000
1256896.797924;11662927.000000
1265690.633886;11670695.000000
1262660.372513;11679083.000000
1260880.016425;11686565.000000
1261801.186218;11694458.000000
1253036.349714;11701969.000000
1262077.627297;11710248.000000
1263045.729786;11717664.000000
1266051.016072;11725701.000000
1266508.958274;11733716.000000
1274518.729211;11741943.000000
1268952.154987;11749909.000000
1265520.853064;11757669.000000
1274472.752513;11765069.000000
1275126.425348;11773436.000000
1266859.015395;11781081.000000
1277715.217478;11789101.000000
1280900.163144;11796970.000000
1273093.554726;11804882.000000
1279474.191779;11813249.000000
1278339.736417;11821689.000000
1279629.092531;11830230.000000
1277838.237026;11838103.000000
1279266.286815;11846403.000000
1282108.008452;11854167.000000
1278322.322591;11862053.000000
1281889.736141;11870354.000000
1282017.293850;11878122.000000
1289374.289174;11886191.000000
