581277.372071;6105683.000000
579143.043032;6100034.000000
581438.533445;6094574.000000
579497.498762;6089033.000000
574863.405692;6083236.000000
578174.680198;6077386.000000
577280.799430;6071964.000000
579026.499838;6066548.000000
577115.514457;6061104.000000
575634.361043;6055732.000000
575800.851729;6049912.000000
575396.620578;6044653.000000
574114.981745;6038841.000000
574310.101699;6033366.000000
572349.003005;6027381.000000
577523.238668;6022314.000000
572496.493727;6016582.000000
575310.077588;6011551.000000
572999.289824;6006540.000000
568917.460843;6000873.000000
571760.007298;5995082.000000
570786.748166;5989756.000000
570096.654120;5984298.000000
569322.387932;5978494.000000
569041.094581;5973120.000000
568362.127180;5967527.000000
565811.346183;5961772.000000
565982.180534;5956398.000000
566847.746381;5950930.000000
565449.840913;5945323.000000
565325.117238;5939972.000000
562846.734464;5934572.000000
563449.742555;5928809.000000
563358.368436;5923393.000000
563422.399425;5917632.000000
560055.428342;5911550.000000
561140.585857;5906258.000000
558829.134475;5900105.000000
560574.578881;5894026.000000
562032.266528;5888628.000000
560008.477003;5882956.000000
557168.014141;5876887.000000
556600.531711;5871520.000000
558788.768481;5865597.000000
557716.879565;5859946.000000
557430.179097;5854037.000000
555549.916687;5848092.000000
556574.767197;5842579.000000
555643.841541;5837020.000000
553346.515465;5831337.000000
552168.416170;5825706.000000
555233.489670;5820346.000000
551878.587204;5814343.000000
555201.044215;5809229.000000
554701.994987;5803821.000000
553749.969852;5798486.000000
551788.011754;5792451.000000
549822.842331;5787227.000000
549242.547228;5781642.000000
548514.540491;5775685.000000
548798.773258;5770433.000000
550223.682983;5765458.000000
544339.507055;5759745.000000
545222.321272;5753295.000000
546794.904888;5747902.000000
546762.893015;5742524.000000
545389.344938;5736894.000000
545905.225518;5731528.000000
544354.725639;5725786.000000
545717.864682;5720445.000000
542521.142819;5714844.000000
543759.521782;5709250.000000
540704.851011;5703437.000000
543390.735049;5698391.000000
539655.347093;5692789.000000
540096.747187;5687380.000000
542564.683062;5682075.000000
541439.936153;5676609.000000
537088.561503;5670835.000000
538723.514767;5664921.000000
538857.395268;5659348.000000
536523.506461;5654041.000000
538689.578113;5648106.000000
538994.280951;5642205.000000
537367.301384;5636490.000000
538821.384313;5630986.000000
536178.554649;5625571.000000
532307.204098;5619718.000000
535859.600127;5614347.000000
537011.571408;5608979.000000
534303.985761;5603711.000000
532935.809723;5597980.000000
531202.378118;5592351.000000
531153.477963;5586748.000000
531829.557430;5581420.000000
531194.941909;5575874.000000
531652.979477;5570329.000000
529186.466103;5564964.000000
530051.873142;5559235.000000
527842.072881;5553592.000000
