1.655290;27.000000
1.621407;8.000000
1.657174;13.000000
1.628536;15.000000
1.766833;24.000000
1.522863;15.000000
1.576884;19.000000
1.664139;21.000000
1.648921;7.000000
1.666356;23.000000
1.581056;60.000000
1.675410;19.000000
1.631104;21.000000
1.712328;16.000000
1.712206;19.000000
1.464159;15.000000
1.758880;13.000000
1.657383;15.000000
1.880230;19.000000
1.995974;10.000000
1.630433;13.000000
1.713255;11.000000
1.781950;11.000000
1.622612;10.000000
1.790815;43.000000
1.528951;8.000000
1.646156;10.000000
1.587659;4.000000
1.796244;20.000000
1.618286;19.000000
1.560475;13.000000
1.730185;19.000000
1.676236;22.000000
1.755472;25.000000
1.470717;7.000000
1.779847;10.000000
1.453585;26.000000
1.751386;33.000000
1.648408;52.000000
1.585816;15.000000
1.639569;7.000000
1.669560;11.000000
1.624365;8.000000
1.936857;15.000000
1.681227;15.000000
1.859554;15.000000
1.670723;17.000000
1.660164;11.000000
1.715097;15.000000
1.849626;21.000000
1.631457;5.000000
1.567333;26.000000
1.545344;7.000000
1.616572;19.000000
1.576484;26.000000
1.854319;27.000000
1.524718;17.000000
1.558778;7.000000
1.674945;10.000000
1.568102;10.000000
1.650526;16.000000
1.592252;24.000000
1.515776;9.000000
1.528592;49.000000
1.697232;7.000000
1.589370;32.000000
1.609997;66.000000
1.811035;14.000000
1.734044;11.000000
1.544069;4.000000
1.497646;2.000000
1.581799;7.000000
1.558831;8.000000
1.590509;7.000000
1.553381;18.000000
1.733695;15.000000
1.731070;3.000000
1.732767;34.000000
1.577347;19.000000
1.598636;35.000000
1.706065;11.000000
1.766983;20.000000
1.843779;29.000000
1.612172;10.000000
1.686082;10.000000
1.488713;13.000000
1.811420;5.000000
1.776292;2.000000
1.599607;4.000000
1.615757;46.000000
1.645408;33.000000
1.503847;11.000000
1.655502;18.000000
1.625551;7.000000
1.613117;7.000000
1.687141;37.000000
1.651742;18.000000
1.592347;35.000000
1.610990;40.000000
1.684520;4.000000
