1.261311;15.000000
1.327610;6.000000
1.314967;5.000000
1.276898;13.000000
1.380280;12.000000
1.307018;16.000000
1.450088;11.000000
1.371212;14.000000
1.318218;24.000000
1.375465;10.000000
1.238042;20.000000
1.309183;23.000000
1.337216;8.000000
1.313588;3.000000
1.366414;11.000000
1.271245;22.000000
1.304965;11.000000
1.385061;5.000000
1.263593;7.000000
1.387046;18.000000
1.324606;15.000000
1.278491;37.000000
1.390000;23.000000
1.283019;11.000000
1.384745;19.000000
1.303172;5.000000
1.357942;21.000000
1.315504;25.000000
1.359056;15.000000
1.266335;9.000000
1.469418;27.000000
1.362833;12.000000
1.358245;13.000000
1.368555;13.000000
1.355152;18.000000
1.363520;12.000000
1.383658;6.000000
1.297274;20.000000
1.305900;10.000000
1.333600;14.000000
1.368785;6.000000
1.407809;23.000000
1.302246;2.000000
1.344254;15.000000
1.283572;3.000000
1.403894;12.000000
1.319965;12.000000
1.354046;9.000000
1.430927;18.000000
1.266838;13.000000
1.371802;3.000000
1.351900;8.000000
1.391956;12.000000
1.285455;10.000000
1.417708;2.000000
1.368966;7.000000
1.371627;22.000000
1.346212;11.000000
1.421484;18.000000
1.383478;20.000000
1.301644;18.000000
1.362691;7.000000
1.335501;27.000000
1.409863;5.000000
1.363852;2.000000
1.310428;18.000000
1.371974;15.000000
1.351907;20.000000
1.336582;3.000000
1.356919;18.000000
1.280916;16.000000
1.410627;34.000000
1.268223;4.000000
1.363656;7.000000
1.300687;26.000000
1.309596;45.000000
1.356772;13.000000
1.371243;5.000000
1.319903;10.000000
1.332551;14.000000
1.390980;10.000000
1.313864;14.000000
1.306674;5.000000
1.265090;22.000000
1.381158;29.000000
1.340101;27.000000
1.486230;40.000000
1.313091;5.000000
1.344345;8.000000
1.318465;14.000000
1.453846;7.000000
1.329970;11.000000
1.212045;4.000000
1.363848;6.000000
1.472551;4.000000
1.413144;11.000000
1.320060;12.000000
1.309958;3.000000
1.443670;4.000000
1.320430;11.000000
