1.184143;21.000000
1.247042;23.000000
1.283256;36.000000
1.283793;16.000000
1.309711;17.000000
1.218113;18.000000
1.250595;11.000000
1.199099;13.000000
1.232855;9.000000
1.255496;18.000000
1.208093;16.000000
1.218998;8.000000
1.248250;10.000000
1.343772;2.000000
1.262736;7.000000
1.322530;15.000000
1.254558;17.000000
1.275481;8.000000
1.204416;21.000000
1.302156;13.000000
1.219989;5.000000
1.162880;11.000000
1.297520;7.000000
1.230152;19.000000
1.246871;31.000000
1.284694;15.000000
1.277074;25.000000
1.247806;9.000000
1.272988;6.000000
1.263532;10.000000
1.258516;15.000000
1.240294;4.000000
1.290154;3.000000
1.255282;10.000000
1.228140;15.000000
1.252092;7.000000
1.178114;14.000000
1.244398;9.000000
1.310645;2.000000
1.186350;16.000000
1.227945;9.000000
1.246928;3.000000
1.273018;6.000000
1.260474;15.000000
1.318738;7.000000
1.250356;7.000000
1.277638;4.000000
1.277287;8.000000
1.254387;5.000000
1.279084;15.000000
1.255985;5.000000
1.250231;3.000000
1.279658;12.000000
1.258020;10.000000
1.318076;15.000000
1.236907;3.000000
1.222557;8.000000
1.209197;28.000000
1.279216;12.000000
1.275002;16.000000
1.335511;3.000000
1.282755;4.000000
1.234575;13.000000
1.248440;18.000000
1.287888;19.000000
1.220732;11.000000
1.257318;7.000000
1.240884;10.000000
1.262272;23.000000
1.329457;11.000000
1.220909;13.000000
1.275630;23.000000
1.236715;8.000000
1.276156;7.000000
1.237055;6.000000
1.291334;7.000000
1.210648;13.000000
1.244328;18.000000
1.232978;4.000000
1.304751;17.000000
1.291789;38.000000
1.318869;15.000000
1.262679;8.000000
1.306052;13.000000
1.243951;14.000000
1.154674;23.000000
1.262312;30.000000
1.230517;7.000000
1.304447;12.000000
1.266658;4.000000
1.205378;16.000000
1.307560;6.000000
1.322652;12.000000
1.262177;8.000000
1.176855;11.000000
1.216695;10.000000
1.275316;16.000000
1.161452;7.000000
1.295891;17.000000
1.281029;4.000000
