3262971.580220;34137819.000000
3254142.152801;34132674.000000
3261542.009907;34127629.000000
3261943.287765;34122442.000000
3251389.292854;34117288.000000
3269471.866117;34111492.000000
3255980.594041;34106163.000000
3247239.246489;34100406.000000
3263219.531795;34095399.000000
3246617.483036;34090024.000000
3268195.944514;34085380.000000
3252604.127828;34080773.000000
3253141.113588;34075526.000000
3255307.229027;34070437.000000
3246718.916863;34065861.000000
3253094.274025;34060828.000000
3240111.270998;34055659.000000
3256208.459841;34050256.000000
3265322.876265;34044863.000000
3232282.019354;34039749.000000
3245597.475171;34034544.000000
3255078.101182;34029314.000000
3251616.782443;34024731.000000
3245911.655784;34019713.000000
3243108.147205;34014561.000000
3250010.996673;34009072.000000
3218228.703613;34004090.000000
3240399.847591;33999076.000000
3246405.211826;33994051.000000
3249078.001550;33989350.000000
3242130.997847;33984281.000000
3245142.618098;33979427.000000
3248211.408279;33974921.000000
3239016.502771;33970147.000000
3252825.870924;33965042.000000
3223294.897257;33959494.000000
3246697.948427;33954562.000000
3238737.366098;33949096.000000
3225746.763077;33943605.000000
3228171.474223;33938045.000000
3229851.057739;33933064.000000
3239883.789665;33927565.000000
3228312.891943;33922064.000000
3219177.175763;33917003.000000
3252786.884616;33912157.000000
3233934.301048;33907194.000000
3229760.783009;33901525.000000
3245107.513648;33896731.000000
3226922.204120;33891584.000000
3224118.362306;33886675.000000
3219767.020789;33881327.000000
3233810.908746;33875989.000000
3232785.418310;33870533.000000
3242375.459544;33865584.000000
3227814.214095;33860469.000000
3221376.602734;33855368.000000
3241356.828437;33850783.000000
3212185.608834;33845005.000000
3236937.905830;33839899.000000
3223735.928998;33834649.000000
3243363.007168;33829678.000000
3231571.683355;33824256.000000
3228904.778625;33819096.000000
3236631.833311;33814149.000000
3235353.341111;33808929.000000
3238006.484145;33803936.000000
3218734.779418;33798097.000000
3231076.202197;33793333.000000
3230993.874371;33788001.000000
3215342.586489;33782601.000000
3210374.069963;33777174.000000
3236270.364815;33772039.000000
3208709.753735;33766904.000000
3209596.917078;33761608.000000
3211928.280722;33756207.000000
3226612.707957;33750428.000000
3221374.562366;33744976.000000
3241801.186696;33739702.000000
3226307.925024;33734555.000000
3200149.353781;33728959.000000
3226704.702704;33723620.000000
3209881.680558;33718297.000000
3214911.306437;33713551.000000
3223576.672258;33708002.000000
3231024.151053;33702906.000000
3215841.814525;33697532.000000
3212334.629608;33692498.000000
3213437.109370;33687557.000000
3213106.523612;33682639.000000
3216919.589437;33677720.000000
3195679.245164;33672096.000000
3219902.577815;33667172.000000
3208084.646437;33661699.000000
3216659.240093;33656242.000000
3214827.819509;33651357.000000
3224577.155646;33646676.000000
3213394.101168;33641570.000000
3209196.642960;33636492.000000
3211925.001215;33631322.000000
3209075.926580;33625744.000000
