3626608.943996;36381722.000000
3604470.820564;36381032.000000
3612932.157533;36380444.000000
3629467.852622;36379681.000000
3641040.380063;36379213.000000
3605203.052168;36378382.000000
3611137.779422;36377746.000000
3609790.269377;36377220.000000
3618024.214283;36376382.000000
3625133.747301;36375781.000000
3610579.954755;36375432.000000
3626496.174199;36374961.000000
3617486.199613;36374355.000000
3632997.520568;36373745.000000
3603525.909188;36372506.000000
3622572.942992;36371838.000000
3635941.074287;36371419.000000
3640944.734016;36371352.000000
3630502.997039;36371168.000000
3606367.677669;36369899.000000
3625389.918567;36369604.000000
3628793.839566;36369560.000000
3618714.084135;36369302.000000
3610716.974121;36368510.000000
3626989.865336;36368062.000000
3620045.306010;36367189.000000
3619474.387985;36366780.000000
3609667.825871;36366235.000000
3600296.465990;36365544.000000
3622677.728628;36365357.000000
3632849.679770;36364676.000000
3634131.115327;36364657.000000
3626601.836832;36364102.000000
3630643.914267;36363723.000000
3622505.311674;36362786.000000
3618172.468170;36362605.000000
3618451.116916;36362066.000000
3627060.955691;36361568.000000
3634973.803021;36361220.000000
3616187.594592;36360751.000000
3626536.323724;36359525.000000
3636462.238400;36359119.000000
3626451.435731;36358490.000000
3630219.996536;36358236.000000
3622251.780916;36357438.000000
3611887.456421;36356633.000000
3651084.465269;36356717.000000
3607883.074447;36356266.000000
3606342.636611;36355815.000000
3606697.720257;36354499.000000
3617748.445290;36354082.000000
3628338.535056;36353591.000000
3611593.538238;36352717.000000
3616945.934022;36351899.000000
3598330.074622;36351195.000000
3626192.646969;36350370.000000
3610218.063144;36349899.000000
3634157.902855;36349704.000000
3594054.386244;36348927.000000
3631723.996156;36348695.000000
3634992.114204;36348364.000000
3623965.418500;36347917.000000
3619404.195195;36347235.000000
3633625.368089;36346867.000000
3611988.078408;36346415.000000
3613757.468594;36346050.000000
3627693.819277;36345656.000000
3614005.474065;36344475.000000
3601865.695145;36343366.000000
3607690.150670;36342995.000000
3617456.480239;36342705.000000
3617097.733928;36342435.000000
3633065.146485;36341854.000000
3608548.068120;36341098.000000
3611299.751892;36340933.000000
3627672.421794;36340427.000000
3614472.979040;36340680.000000
3637874.630017;36340863.000000
3623084.576968;36339871.000000
3622390.208684;36338841.000000
3627923.055583;36338629.000000
3620140.620772;36338392.000000
3619967.434479;36337938.000000
3615354.704424;36337148.000000
3608519.982105;36336264.000000
3606985.115115;36335636.000000
3641162.496238;36335927.000000
3607857.665540;36335204.000000
3617650.997898;36335184.000000
3617668.642806;36334545.000000
3618044.781446;36333998.000000
3627459.098557;36333501.000000
3632188.900915;36333017.000000
3651684.774191;36333052.000000
3613237.476874;36332746.000000
3574418.932262;36332041.000000
3620386.051043;36331314.000000
3611404.351499;36330819.000000
3596990.154313;36329690.000000
3621648.370404;36329419.000000
