1.371781;16.000000
1.484231;30.000000
1.607182;12.000000
1.589988;4.000000
1.654656;29.000000
1.535474;18.000000
1.713598;16.000000
1.556381;8.000000
1.474644;21.000000
1.607893;53.000000
1.533079;22.000000
1.507083;21.000000
1.428876;43.000000
1.557408;10.000000
1.646674;11.000000
1.576055;33.000000
1.431608;17.000000
1.409498;23.000000
1.574259;3.000000
1.542918;2.000000
1.755190;11.000000
1.624167;9.000000
1.536487;50.000000
1.517695;15.000000
1.499791;27.000000
1.536765;3.000000
1.541486;24.000000
1.592740;19.000000
1.536955;8.000000
1.478705;4.000000
1.456959;16.000000
1.429207;21.000000
1.496032;5.000000
1.601908;4.000000
1.504652;42.000000
1.529447;4.000000
1.479408;23.000000
1.510588;8.000000
1.552561;45.000000
1.438796;19.000000
1.585459;3.000000
1.608909;31.000000
1.585994;9.000000
1.494791;19.000000
1.503389;12.000000
1.733182;8.000000
1.428057;10.000000
1.618990;2.000000
1.624986;52.000000
1.614619;27.000000
1.562112;14.000000
1.500675;81.000000
1.677601;21.000000
1.565035;65.000000
1.629423;36.000000
1.635978;10.000000
1.570670;5.000000
1.540572;18.000000
1.660494;13.000000
1.560012;5.000000
1.554298;6.000000
1.502253;8.000000
1.650698;4.000000
1.414770;19.000000
1.660637;5.000000
1.470588;8.000000
1.533224;19.000000
1.604595;8.000000
1.561078;37.000000
1.604808;13.000000
1.518048;11.000000
1.621705;9.000000
1.675950;14.000000
1.419155;31.000000
1.473791;18.000000
1.609923;9.000000
1.421750;8.000000
1.463606;11.000000
1.402018;12.000000
1.579166;10.000000
1.514765;18.000000
1.431153;8.000000
1.541782;4.000000
1.591303;7.000000
1.676405;9.000000
1.503644;25.000000
1.568429;27.000000
1.459544;22.000000
1.524485;28.000000
1.583024;24.000000
1.449645;17.000000
1.404717;23.000000
1.564722;23.000000
1.583906;38.000000
1.446213;3.000000
1.609367;28.000000
1.579078;10.000000
1.641137;3.000000
1.661286;12.000000
1.456317;19.000000
