1.283459;13.000000
1.341816;3.000000
1.353232;17.000000
1.260926;5.000000
1.350013;34.000000
1.377709;38.000000
1.368962;17.000000
1.377846;14.000000
1.422922;5.000000
1.321990;28.000000
1.443548;7.000000
1.351423;35.000000
1.297277;10.000000
1.360652;4.000000
1.447465;26.000000
1.315056;8.000000
1.322469;1.000000
1.284049;17.000000
1.318705;10.000000
1.312520;17.000000
1.298063;18.000000
1.367757;12.000000
1.390508;16.000000
1.247969;2.000000
1.290663;13.000000
1.365687;10.000000
1.268708;11.000000
1.454537;9.000000
1.340797;36.000000
1.300429;17.000000
1.367253;5.000000
1.351898;11.000000
1.367899;16.000000
1.363933;10.000000
1.370220;4.000000
1.311929;7.000000
1.360815;5.000000
1.337568;24.000000
1.315004;7.000000
1.419132;51.000000
1.415415;29.000000
1.392975;10.000000
1.314180;27.000000
1.346876;4.000000
1.276302;28.000000
1.384378;1.000000
1.307787;28.000000
1.329370;28.000000
1.323349;19.000000
1.355693;20.000000
1.300156;20.000000
1.442167;7.000000
1.302838;20.000000
1.439256;8.000000
1.432001;20.000000
1.293874;14.000000
1.435590;12.000000
1.333834;7.000000
1.344306;23.000000
1.395282;11.000000
1.339088;27.000000
1.449988;8.000000
1.396993;12.000000
1.311711;7.000000
1.317533;11.000000
1.370573;5.000000
1.411709;11.000000
1.333486;42.000000
1.454543;3.000000
1.296432;9.000000
1.324340;12.000000
1.462896;6.000000
1.394735;7.000000
1.354880;10.000000
1.345558;3.000000
1.413772;13.000000
1.437589;22.000000
1.338816;12.000000
1.299540;5.000000
1.358204;11.000000
1.410172;14.000000
1.469931;5.000000
1.326560;16.000000
1.379839;27.000000
1.348897;13.000000
1.415512;14.000000
1.341730;9.000000
1.344232;17.000000
1.339884;26.000000
1.311081;20.000000
1.366948;19.000000
1.313376;6.000000
1.321989;31.000000
1.362353;31.000000
1.326906;32.000000
1.411907;7.000000
1.360504;23.000000
1.323849;4.000000
1.309754;11.000000
1.428252;6.000000
