3503028.796759;33830406.000000
3506943.272101;33834377.000000
3505814.449878;33837819.000000
3501496.049164;33841426.000000
3539842.333351;33846147.000000
3498320.065723;33849246.000000
3505416.711660;33853205.000000
3490163.051655;33856928.000000
3521846.963104;33860852.000000
3506460.928547;33864807.000000
3513123.307588;33869013.000000
3513337.217476;33873299.000000
3518945.847314;33876842.000000
3505063.757698;33880212.000000
3503205.662611;33883807.000000
3522582.343664;33887522.000000
3523515.342091;33891345.000000
3515272.942785;33894867.000000
3507140.035001;33898383.000000
3510100.136714;33903010.000000
3532243.798801;33906856.000000
3503073.095395;33910528.000000
3503022.247561;33913978.000000
3519252.405462;33917948.000000
3527246.295808;33922162.000000
3495392.756967;33925597.000000
3533677.523169;33929459.000000
3501288.055686;33932976.000000
3510321.009810;33937060.000000
3514952.508215;33940414.000000
3503275.365206;33944061.000000
3510414.670244;33947789.000000
3523391.126642;33952040.000000
3517264.274292;33955663.000000
3533950.487238;33960286.000000
3533259.215972;33964138.000000
3523326.801721;33967910.000000
3524016.256832;33971924.000000
3506821.776976;33975265.000000
3530439.759975;33979235.000000
3495108.462790;33982623.000000
3507440.141306;33985817.000000
3512387.041485;33989204.000000
3517692.258025;33992759.000000
3512301.322418;33997068.000000
3526452.122420;34001527.000000
3514334.749769;34005406.000000
3521564.573699;34008752.000000
3521802.409524;34012721.000000
3541398.730971;34016443.000000
3524112.793971;34020452.000000
3530069.176354;34024186.000000
3509998.735820;34027971.000000
3510817.384685;34031205.000000
3522191.671912;34034408.000000
3526468.153853;34038076.000000
3534079.972408;34041941.000000
3523241.316490;34045868.000000
3524269.788634;34049706.000000
3521920.941815;34052952.000000
3531294.372353;34056976.000000
3540016.558344;34061080.000000
3530475.628012;34064798.000000
3523232.929050;34068945.000000
3530838.344909;34072639.000000
3542055.143563;34076500.000000
3542616.489654;34080282.000000
3536411.923701;34084520.000000
3518203.596379;34087841.000000
3518574.340586;34091431.000000
3529972.961323;34094927.000000
3549727.119879;34098593.000000
3528901.788700;34103108.000000
3551000.404841;34107437.000000
3540874.097382;34110778.000000
3529528.963215;34114678.000000
3539023.041295;34119094.000000
3555269.363788;34123448.000000
3534110.414331;34126853.000000
3546107.995967;34130881.000000
3524250.380923;34134711.000000
3549221.595345;34138114.000000
3538984.608157;34142029.000000
3522990.548579;34145800.000000
3538556.886032;34149460.000000
3552323.030107;34153761.000000
3535711.668302;34157731.000000
3557630.557581;34162006.000000
3532934.869801;34165766.000000
3540478.038202;34169853.000000
3548348.679580;34173806.000000
3563503.707843;34177626.000000
3518658.682986;34181397.000000
3537864.953494;34185066.000000
3547629.980419;34188917.000000
3544909.042138;34192765.000000
3550349.453116;34196817.000000
3545666.593658;34200689.000000
3542866.052709;34204633.000000
3541089.491707;34208090.000000
