1.180011;12.000000
1.273123;3.000000
1.287593;26.000000
1.256741;15.000000
1.254728;6.000000
1.277932;11.000000
1.294792;8.000000
1.251974;15.000000
1.230508;7.000000
1.302405;19.000000
1.199086;10.000000
1.257874;20.000000
1.223535;34.000000
1.348765;4.000000
1.250278;26.000000
1.230793;5.000000
1.297789;42.000000
1.294638;7.000000
1.309124;12.000000
1.274439;44.000000
1.193779;15.000000
1.324278;52.000000
1.272706;23.000000
1.210780;8.000000
1.242180;17.000000
1.224772;13.000000
1.277590;17.000000
1.294773;10.000000
1.319516;14.000000
1.302796;32.000000
1.256128;13.000000
1.248384;2.000000
1.280553;7.000000
1.306327;9.000000
1.278015;15.000000
1.303048;4.000000
1.359152;6.000000
1.297743;5.000000
1.320572;7.000000
1.256611;14.000000
1.286387;33.000000
1.274346;5.000000
1.255035;16.000000
1.200290;12.000000
1.270786;7.000000
1.300361;14.000000
1.363150;14.000000
1.290018;2.000000
1.262100;11.000000
1.274623;39.000000
1.292294;18.000000
1.295737;17.000000
1.268127;14.000000
1.242231;33.000000
1.229901;4.000000
1.246371;13.000000
1.242610;9.000000
1.274088;15.000000
1.236055;6.000000
1.291771;10.000000
1.211826;6.000000
1.264758;3.000000
1.259519;6.000000
1.284599;10.000000
1.243563;25.000000
1.275901;6.000000
1.262889;6.000000
1.293481;7.000000
1.281968;11.000000
1.216758;10.000000
1.339297;19.000000
1.271883;4.000000
1.228341;10.000000
1.239910;17.000000
1.372283;8.000000
1.317091;28.000000
1.265683;14.000000
1.267876;9.000000
1.264978;11.000000
1.303911;13.000000
1.316001;6.000000
1.283613;11.000000
1.222063;31.000000
1.288544;8.000000
1.398945;23.000000
1.274396;11.000000
1.273696;8.000000
1.261807;4.000000
1.285681;19.000000
1.259221;18.000000
1.272206;11.000000
1.320384;32.000000
1.267717;19.000000
1.219842;7.000000
1.269678;17.000000
1.263496;27.000000
1.198141;7.000000
1.351621;19.000000
1.286743;7.000000
1.318881;18.000000
