3018186.280284;31070617.000000
3018954.679407;31067700.000000
3010707.007636;31064310.000000
3018415.461914;31061003.000000
3019329.032398;31058337.000000
3023862.525171;31054192.000000
3019813.436289;31051260.000000
3000039.148705;31047859.000000
3002373.430976;31044717.000000
3012390.508189;31041513.000000
3017458.932522;31038558.000000
3009476.281439;31035025.000000
3023001.995064;31031705.000000
3018026.132114;31028755.000000
3016138.853373;31026061.000000
3025783.626386;31022552.000000
3005448.398221;31019396.000000
3004582.492226;31015977.000000
2986480.469727;31012765.000000
3000837.264560;31009953.000000
2986286.599495;31006063.000000
3022826.854528;31003027.000000
3012056.076362;31000222.000000
3001841.778947;30996999.000000
2999741.161215;30993723.000000
3011352.619823;30990688.000000
3007884.356620;30987619.000000
3008697.909452;30984259.000000
2998486.520075;30981091.000000
3030048.264485;30978231.000000
3017777.942329;30974973.000000
3013339.878805;30972441.000000
3006996.097433;30969616.000000
3019663.028205;30966767.000000
2993140.708330;30963356.000000
3004563.049604;30960185.000000
3009313.075516;30956793.000000
2986748.794078;30953098.000000
2986227.757420;30949159.000000
2996698.296996;30946137.000000
3016364.740235;30942884.000000
3013096.824393;30939942.000000
3019589.504438;30936868.000000
3000304.407014;30933623.000000
3002166.837152;30930316.000000
2995091.565387;30926489.000000
3009419.336809;30923531.000000
2994546.464178;30920592.000000
2997964.725076;30917369.000000
3005342.697300;30914243.000000
3008024.195851;30911106.000000
2997232.724661;30907467.000000
2995225.314392;30904208.000000
3003135.963210;30900926.000000
3006612.174980;30897500.000000
3004883.933669;30894443.000000
2992120.716432;30891001.000000
3011638.671946;30887686.000000
3007800.751160;30884584.000000
2989248.384481;30881286.000000
2989278.411142;30877584.000000
3009527.860643;30874990.000000
2988615.282346;30871690.000000
3001740.485381;30868541.000000
2999394.654383;30865310.000000
2999333.668740;30862503.000000
2996692.030498;30859268.000000
2990375.609283;30856504.000000
2972654.106802;30853085.000000
3005429.153988;30850206.000000
2994262.610284;30846994.000000
2984432.506724;30843512.000000
2990084.485327;30840319.000000
2998815.569746;30836466.000000
2993164.925260;30832839.000000
3016273.555917;30829677.000000
2998933.900284;30826409.000000
2998774.649060;30822919.000000
2988593.030076;30820061.000000
2987523.363517;30816510.000000
2978890.432678;30813019.000000
2981864.156647;30809703.000000
2989621.712125;30805917.000000
3008688.615285;30802943.000000
2975121.167084;30799518.000000
2991369.781363;30795972.000000
2988684.357382;30792545.000000
2996993.542810;30789349.000000
2996368.924611;30785934.000000
2993058.309915;30782676.000000
2969735.607763;30779021.000000
3005585.411890;30775968.000000
2989834.757575;30772730.000000
2975988.439149;30769305.000000
2977751.592860;30765985.000000
3009018.294227;30762836.000000
2995911.797193;30760019.000000
2992296.252219;30756730.000000
2973481.152921;30753348.000000
2985481.316819;30750185.000000
