1871402.871532;17797735.000000
1866216.907453;17803092.000000
1868581.924437;17807834.000000
1872440.314089;17813236.000000
1867158.281748;17818765.000000
1869107.391248;17823752.000000
1867086.501574;17829263.000000
1873694.363601;17834571.000000
1869694.220016;17839980.000000
1877906.930060;17845128.000000
1870411.243339;17850068.000000
1879368.332356;17855310.000000
1878500.364309;17860574.000000
1880514.042981;17866260.000000
1874414.447044;17871525.000000
1887476.613074;17877104.000000
1879532.850888;17882296.000000
1883776.945143;17887723.000000
1882870.081801;17893033.000000
1886517.823703;17898142.000000
1881842.703942;17903473.000000
1881497.823375;17908567.000000
1870628.653838;17913815.000000
1885912.152797;17918995.000000
1881483.893588;17923861.000000
1889576.930772;17929222.000000
1885547.587361;17934370.000000
1888678.454603;17939249.000000
1894225.614568;17944693.000000
1893073.178913;17950231.000000
1888308.562009;17955373.000000
1886187.300526;17960719.000000
1887934.309101;17965997.000000
1890078.389109;17971239.000000
1887303.466805;17975933.000000
1881736.431472;17980877.000000
1894985.779251;17986342.000000
1901582.524967;17991785.000000
1887685.310218;17996908.000000
1881121.921671;18002080.000000
1899192.435988;18007808.000000
1892322.825301;18012964.000000
1895543.660918;18018139.000000
1905496.242245;18024154.000000
1906292.517881;18029724.000000
1895120.193203;18034980.000000
1896532.530716;18040486.000000
1905600.337434;18045818.000000
1895942.340007;18051044.000000
1896105.133839;18056379.000000
1898096.778110;18061734.000000
1898960.440077;18066829.000000
1900966.319579;18072399.000000
1905091.027358;18077929.000000
1906808.144981;18083017.000000
1895283.217302;18087671.000000
1908445.259471;18093391.000000
1892918.598204;18098504.000000
1909427.233238;18103899.000000
1905150.710732;18109128.000000
1906814.841807;18114527.000000
1908167.071933;18119673.000000
1915152.161343;18125073.000000
1907533.118616;18130750.000000
1899620.350079;18135736.000000
1913486.571816;18141429.000000
1912535.885933;18146766.000000
1902254.124792;18151710.000000
1898309.513984;18156700.000000
1907204.502122;18162072.000000
1904359.234746;18167236.000000
1902985.633244;18172750.000000
1908063.605981;18177636.000000
1917553.815115;18183141.000000
1911149.908726;18188364.000000
1912664.900563;18192923.000000
1916231.190738;18198290.000000
1907905.001507;18203474.000000
1913462.404251;18208511.000000
1915302.759579;18214317.000000
1914479.471369;18219731.000000
1913440.706565;18225049.000000
1918412.904861;18230274.000000
1912737.807190;18235103.000000
1914981.332299;18239762.000000
1920456.814009;18245077.000000
1912870.481079;18250264.000000
1917021.184263;18255278.000000
1924199.323552;18260402.000000
1913378.650546;18266052.000000
1905188.167000;18270781.000000
1921098.596068;18276175.000000
1924748.797499;18281272.000000
1919155.177794;18286291.000000
1919488.048496;18291138.000000
1926108.361532;18296336.000000
1924831.480016;18301706.000000
1930276.387729;18306896.000000
1931703.408343;18312326.000000
1926901.689052;18317683.000000
