1.249831;20.000000
1.290514;7.000000
1.295943;7.000000
1.306695;5.000000
1.298255;11.000000
1.294573;6.000000
1.330422;16.000000
1.264220;30.000000
1.282122;10.000000
1.275339;29.000000
1.264623;15.000000
1.280642;30.000000
1.256741;8.000000
1.362448;8.000000
1.277113;3.000000
1.383425;18.000000
1.338968;10.000000
1.326617;6.000000
1.261462;15.000000
1.321185;5.000000
1.316050;10.000000
1.290606;18.000000
1.247625;19.000000
1.213483;13.000000
1.289096;21.000000
1.335752;4.000000
1.324777;5.000000
1.334403;23.000000
1.320344;14.000000
1.306045;4.000000
1.216610;6.000000
1.307858;11.000000
1.294742;9.000000
1.240921;5.000000
1.280900;6.000000
1.188262;17.000000
1.246380;28.000000
1.338991;3.000000
1.250758;12.000000
1.290456;21.000000
1.277918;26.000000
1.250376;7.000000
1.303457;22.000000
1.258393;15.000000
1.306322;7.000000
1.341272;4.000000
1.270956;3.000000
1.308434;5.000000
1.283221;15.000000
1.286601;17.000000
1.309810;12.000000
1.282188;10.000000
1.292032;14.000000
1.304389;12.000000
1.300439;25.000000
1.313244;41.000000
1.323524;7.000000
1.307363;22.000000
1.263071;7.000000
1.352047;3.000000
1.272548;3.000000
1.319348;5.000000
1.266169;21.000000
1.259567;12.000000
1.276067;10.000000
1.258648;11.000000
1.301153;18.000000
1.308970;12.000000
1.302029;11.000000
1.252998;12.000000
1.365133;5.000000
1.339267;6.000000
1.340714;20.000000
1.315056;9.000000
1.283669;10.000000
1.251794;16.000000
1.275116;32.000000
1.264219;6.000000
1.251495;9.000000
1.315406;69.000000
1.350218;8.000000
1.317431;6.000000
1.306358;12.000000
1.307168;17.000000
1.268347;37.000000
1.284313;7.000000
1.218270;5.000000
1.286449;1.000000
1.318483;17.000000
1.281441;22.000000
1.347998;5.000000
1.282884;16.000000
1.331654;5.000000
1.301456;14.000000
1.288148;9.000000
1.271741;6.000000
1.302908;8.000000
1.301702;6.000000
1.268119;17.000000
1.318038;31.000000
