3493336.646038;35191698.000000
3480643.628179;35190758.000000
3496552.760608;35189815.000000
3481911.170328;35188403.000000
3479517.972087;35187337.000000
3467130.371242;35186140.000000
3483263.442197;35184923.000000
3489750.328335;35183574.000000
3490632.651572;35182296.000000
3489160.012955;35181382.000000
3483203.440548;35180186.000000
3466217.345580;35178592.000000
3482219.135920;35177187.000000
3478716.455279;35176105.000000
3480652.632540;35175053.000000
3494226.634106;35174156.000000
3477125.323075;35173169.000000
3490654.065814;35172574.000000
3481073.887510;35171818.000000
3467297.102959;35170367.000000
3466173.420796;35169220.000000
3478485.759021;35168282.000000
3479766.297952;35166974.000000
3485263.030439;35165825.000000
3486369.643429;35164543.000000
3499205.290925;35163061.000000
3473410.102142;35161798.000000
3474921.109392;35160865.000000
3481452.764199;35159508.000000
3480386.979284;35157912.000000
3493974.265734;35157621.000000
3481781.387140;35156786.000000
3478294.091343;35155682.000000
3497517.000216;35154981.000000
3467872.461369;35153679.000000
3469801.229708;35152665.000000
3472025.949456;35150913.000000
3475960.275788;35150014.000000
3455107.092075;35148048.000000
3470007.258082;35147148.000000
3471026.428741;35146600.000000
3489941.122518;35146030.000000
3500815.760304;35145503.000000
3479793.705020;35144593.000000
3467793.058399;35143248.000000
3484170.153452;35141801.000000
3462909.878427;35140427.000000
3471047.812917;35138830.000000
3496671.032214;35138349.000000
3485540.855660;35137273.000000
3510427.600379;35136399.000000
3483718.859080;35135327.000000
3490515.630839;35134502.000000
3477639.784870;35133429.000000
3497964.062491;35132819.000000
3479461.647868;35131984.000000
3489598.790942;35131006.000000
3485809.335377;35130018.000000
3474412.109667;35128141.000000
3496998.476416;35127379.000000
3464450.444008;35125986.000000
3483299.532799;35124907.000000
3478794.788306;35123511.000000
3475462.905201;35122450.000000
3494792.603486;35121699.000000
3482581.072519;35120528.000000
3477545.452685;35119129.000000
3497736.484625;35117936.000000
3469441.728333;35116739.000000
3469454.406589;35115932.000000
3473376.091974;35114454.000000
3468876.524856;35112592.000000
3466117.526708;35110916.000000
3457262.230301;35109434.000000
3469506.315120;35108309.000000
3466015.989848;35106948.000000
3488597.120342;35106183.000000
3482002.688443;35105326.000000
3477089.838219;35104646.000000
3473083.459392;35103477.000000
3493850.357265;35102421.000000
3457371.471353;35101417.000000
3486557.257255;35100748.000000
3474957.056742;35099739.000000
3478658.436227;35098526.000000
3488593.533528;35098153.000000
3487701.812139;35097386.000000
3479505.097648;35096074.000000
3472192.871624;35094838.000000
3463039.777836;35093818.000000
3477356.768690;35092508.000000
3465143.059682;35091579.000000
3464614.386232;35090478.000000
3457467.951081;35088900.000000
3457425.601071;35087298.000000
3481059.249269;35086003.000000
3477362.255594;35085489.000000
3473333.116955;35084502.000000
3477941.820421;35083531.000000
3474176.594008;35082789.000000
