2718294.115591;27666736.000000
2714675.792476;27664954.000000
2705947.188729;27662615.000000
2718206.625014;27660480.000000
2711086.642540;27658435.000000
2723498.567912;27655564.000000
2709788.897310;27653196.000000
2712259.478521;27650573.000000
2730618.689887;27648672.000000
2716394.189761;27646645.000000
2713396.804486;27644440.000000
2709987.512414;27641793.000000
2727915.706116;27640221.000000
2715438.998667;27638357.000000
2720695.416647;27636643.000000
2718145.964012;27634512.000000
2712424.283201;27632516.000000
2713717.503132;27629988.000000
2717138.466154;27628849.000000
2722196.331533;27626996.000000
2710936.603684;27625013.000000
2715531.016571;27623191.000000
2709486.632748;27621246.000000
2702288.273013;27618785.000000
2724478.456806;27617470.000000
2723783.653655;27615574.000000
2710962.589503;27613213.000000
2719542.224552;27611332.000000
2698677.551035;27609160.000000
2716341.002894;27607293.000000
2720734.091938;27605247.000000
2719879.505999;27603553.000000
2719481.664249;27601827.000000
2709955.408026;27599761.000000
2728567.988993;27598284.000000
2713090.990077;27596582.000000
2709931.526649;27594629.000000
2716610.009146;27593167.000000
2711746.713096;27591348.000000
2708177.930295;27589098.000000
2706204.973055;27587172.000000
2715291.703103;27585091.000000
2718258.742592;27583375.000000
2695931.840174;27581287.000000
2704771.934305;27579002.000000
2708692.788510;27576726.000000
2712889.021563;27574651.000000
2702711.530784;27572958.000000
2694509.000279;27570656.000000
2709259.224517;27568352.000000
2711184.110286;27566658.000000
2711059.185072;27564598.000000
2712851.902338;27563144.000000
2699231.253134;27561100.000000
2705376.686509;27558571.000000
2694317.562708;27556158.000000
2720577.647034;27554548.000000
2707181.538732;27552309.000000
2706025.266723;27550358.000000
2709129.164866;27548384.000000
2724789.230294;27546808.000000
2712620.253739;27545172.000000
2719596.635294;27543641.000000
2700354.118702;27541282.000000
2711705.918147;27539621.000000
2712899.198625;27537961.000000
2696301.448902;27536144.000000
2706091.212936;27534063.000000
2701294.387811;27531764.000000
2710855.874629;27530789.000000
2705775.311647;27529163.000000
2698896.872051;27527162.000000
2704805.061320;27525014.000000
2704220.450825;27523039.000000
2701198.114858;27520837.000000
2708809.483294;27519059.000000
2699365.787222;27516931.000000
2702573.440526;27514689.000000
2698671.788604;27512608.000000
2709866.599686;27510812.000000
2714060.259560;27509033.000000
2702242.479971;27507010.000000
2707623.528612;27504581.000000
2711442.750263;27502659.000000
2693679.084984;27501032.000000
2701473.443671;27499502.000000
2691951.812340;27497152.000000
2702397.453364;27495024.000000
2707121.615628;27493228.000000
2700006.452627;27491641.000000
2692005.011349;27489327.000000
2694334.064449;27487159.000000
2695339.406357;27485489.000000
2705763.288740;27483408.000000
2721141.451076;27481902.000000
2702112.559247;27479924.000000
2681735.476129;27477573.000000
2691018.916549;27475594.000000
2699405.815706;27473393.000000
2688713.587466;27470989.000000
