1.178083;12.000000
1.221181;20.000000
1.251251;15.000000
1.196231;10.000000
1.207423;5.000000
1.213084;23.000000
1.110662;16.000000
1.185836;28.000000
1.222875;40.000000
1.238402;10.000000
1.271503;31.000000
1.234610;20.000000
1.263468;39.000000
1.200904;12.000000
1.182538;5.000000
1.225624;5.000000
1.197517;2.000000
1.199047;17.000000
1.197533;10.000000
1.178426;6.000000
1.198384;8.000000
1.285355;14.000000
1.174265;17.000000
1.274329;7.000000
1.183601;12.000000
1.335399;9.000000
1.216331;18.000000
1.173499;33.000000
1.200009;12.000000
1.206047;13.000000
1.168268;10.000000
1.279926;10.000000
1.266853;6.000000
1.221916;14.000000
1.288153;15.000000
1.202252;9.000000
1.249233;10.000000
1.229688;4.000000
1.224553;6.000000
1.330825;10.000000
1.248991;35.000000
1.233229;5.000000
1.209372;5.000000
1.248711;30.000000
1.242618;9.000000
1.203413;19.000000
1.292855;6.000000
1.178936;16.000000
1.225533;11.000000
1.237853;5.000000
1.273819;12.000000
1.260600;15.000000
1.205090;17.000000
1.205416;5.000000
1.241164;5.000000
1.208054;13.000000
1.172479;6.000000
1.217238;6.000000
1.192990;7.000000
1.233502;3.000000
1.246334;8.000000
1.277556;10.000000
1.155133;3.000000
1.265095;14.000000
1.289335;9.000000
1.191660;15.000000
1.274285;21.000000
1.195833;6.000000
1.269244;2.000000
1.299528;13.000000
1.223789;21.000000
1.242458;10.000000
1.196812;12.000000
1.291499;3.000000
1.238654;28.000000
1.190791;27.000000
1.248051;5.000000
1.198218;3.000000
1.192818;12.000000
1.284050;23.000000
1.241144;33.000000
1.201408;7.000000
1.225707;25.000000
1.200763;10.000000
1.354402;15.000000
1.285552;11.000000
1.199240;7.000000
1.234887;14.000000
1.257526;19.000000
1.225312;16.000000
1.209042;18.000000
1.224532;17.000000
1.235303;10.000000
1.261453;25.000000
1.202062;5.000000
1.210714;11.000000
1.231938;10.000000
1.270158;6.000000
1.267756;10.000000
1.233888;10.000000
