2568411.939861;25959380.000000
2562037.906423;25958201.000000
2575828.089179;25957129.000000
2571963.366046;25956084.000000
2557917.824777;25955013.000000
2570237.880832;25953689.000000
2564737.826779;25952811.000000
2563927.892414;25951956.000000
2577244.908831;25951016.000000
2580149.486651;25949986.000000
2575954.978128;25948474.000000
2568019.182450;25947297.000000
2573398.421823;25946345.000000
2574308.223177;25945320.000000
2577095.406442;25944506.000000
2584373.504901;25943803.000000
2575055.686066;25942610.000000
2576892.297878;25941144.000000
2584058.778800;25940371.000000
2577988.573469;25939157.000000
2562854.255074;25937833.000000
2563153.250186;25936696.000000
2558066.527109;25935719.000000
2574586.482669;25934502.000000
2587136.119276;25933421.000000
2567427.856236;25932419.000000
2576575.357333;25931754.000000
2568396.388458;25930308.000000
2577599.489255;25929427.000000
2571027.234389;25928487.000000
2571393.194005;25927441.000000
2567917.768542;25926811.000000
2585314.696236;25926210.000000
2569492.900205;25925054.000000
2574796.254692;25924155.000000
2575955.957884;25923584.000000
2565562.566755;25922061.000000
2572332.231618;25921252.000000
2560768.200949;25920062.000000
2550352.390968;25918896.000000
2574543.085086;25918203.000000
2576302.912940;25917270.000000
2582079.088766;25916706.000000
2549962.989880;25915073.000000
2562117.438560;25913283.000000
2566619.241727;25912183.000000
2569822.370694;25911387.000000
2575391.603474;25910804.000000
2563609.803976;25909548.000000
2576152.756076;25908498.000000
2568259.789830;25907764.000000
2573825.631998;25906960.000000
2560219.516243;25905874.000000
2572141.745983;25905291.000000
2573349.122238;25904166.000000
2562911.030105;25903245.000000
2569193.284821;25902233.000000
2549558.552350;25900781.000000
2564993.682748;25899321.000000
2554198.039106;25898080.000000
2575022.822975;25897341.000000
2571274.853217;25895961.000000
2576639.066622;25895043.000000
2568365.434622;25893679.000000
2565383.196275;25892938.000000
2558504.246873;25891579.000000
2567376.844039;25890143.000000
2562415.652839;25888848.000000
2556927.644884;25887958.000000
2554243.544001;25887042.000000
2562869.893510;25885960.000000
2560579.446396;25884723.000000
2565862.826795;25883520.000000
2574718.015677;25882607.000000
2575404.742529;25881568.000000
2570072.020117;25880950.000000
2574137.720168;25880022.000000
2572650.877126;25879149.000000
2577191.368517;25878898.000000
2577626.884926;25878305.000000
2563580.466027;25877151.000000
2563641.772594;25876056.000000
2577706.403286;25875130.000000
2565462.374963;25873489.000000
2555516.176336;25871945.000000
2568408.618335;25870902.000000
2560962.008859;25869514.000000
2558361.394098;25868311.000000
2563351.937929;25867341.000000
2559176.910590;25866254.000000
2578986.683688;25865361.000000
2566636.694660;25864891.000000
2566586.626479;25863844.000000
2548822.439505;25862297.000000
2566572.071558;25861658.000000
2547397.209914;25860234.000000
2548218.813592;25859032.000000
2551987.606179;25857881.000000
2558198.272629;25856742.000000
2561117.562233;25855576.000000
