1.297075;6.000000
1.350676;7.000000
1.342981;27.000000
1.280506;7.000000
1.364686;1.000000
1.374375;20.000000
1.315567;18.000000
1.260633;12.000000
1.352504;9.000000
1.359689;17.000000
1.362747;3.000000
1.301992;21.000000
1.309799;12.000000
1.354678;30.000000
1.304750;25.000000
1.390105;18.000000
1.302698;22.000000
1.432807;20.000000
1.343891;20.000000
1.312579;24.000000
1.273558;11.000000
1.295482;15.000000
1.353645;14.000000
1.324369;13.000000
1.295548;9.000000
1.348216;12.000000
1.377090;20.000000
1.250371;13.000000
1.302637;22.000000
1.379533;12.000000
1.341410;10.000000
1.317352;5.000000
1.346846;11.000000
1.336755;12.000000
1.373457;5.000000
1.313823;7.000000
1.244219;5.000000
1.330256;36.000000
1.202799;18.000000
1.311680;15.000000
1.286359;9.000000
1.392594;9.000000
1.389694;7.000000
1.359271;12.000000
1.325246;13.000000
1.284560;8.000000
1.307149;9.000000
1.342687;12.000000
1.392217;4.000000
1.402737;11.000000
1.374397;39.000000
1.356752;15.000000
1.257198;5.000000
1.356622;18.000000
1.317904;19.000000
1.434925;26.000000
1.272893;19.000000
1.368499;17.000000
1.379783;5.000000
1.365332;1.000000
1.263804;10.000000
1.292575;4.000000
1.421063;9.000000
1.348202;11.000000
1.303966;13.000000
1.328625;4.000000
1.364387;16.000000
1.344062;9.000000
1.280025;6.000000
1.349437;4.000000
1.420324;33.000000
1.294389;17.000000
1.320468;9.000000
1.343998;13.000000
1.260886;13.000000
1.334498;15.000000
1.279483;17.000000
1.332066;13.000000
1.331831;8.000000
1.306530;8.000000
1.308154;13.000000
1.292501;13.000000
1.338451;10.000000
1.266627;24.000000
1.382539;6.000000
1.398968;27.000000
1.322523;13.000000
1.305186;14.000000
1.373417;7.000000
1.284493;14.000000
1.320240;11.000000
1.337388;13.000000
1.255612;18.000000
1.422740;14.000000
1.360580;7.000000
1.355864;3.000000
1.274903;34.000000
1.300299;17.000000
1.370546;4.000000
1.316799;6.000000
