1.376733;8.000000
1.554828;11.000000
1.798271;34.000000
1.610985;28.000000
1.715299;24.000000
1.544676;25.000000
1.252065;37.000000
1.519967;15.000000
1.523722;40.000000
1.537942;19.000000
1.499054;26.000000
1.481234;29.000000
1.591572;15.000000
1.584851;36.000000
1.405346;10.000000
1.565145;21.000000
1.679707;16.000000
1.600372;31.000000
1.398948;22.000000
1.673914;5.000000
1.556213;6.000000
1.389178;7.000000
1.659371;4.000000
1.479198;8.000000
1.890666;9.000000
1.569882;49.000000
1.470613;17.000000
1.658940;4.000000
1.580538;17.000000
1.602639;12.000000
1.467238;48.000000
1.548759;9.000000
1.474167;19.000000
1.544725;24.000000
1.379603;7.000000
1.557802;27.000000
1.650529;15.000000
1.396888;5.000000
1.495236;13.000000
1.606250;37.000000
1.530968;8.000000
1.605379;10.000000
1.661415;25.000000
1.506088;26.000000
1.575516;9.000000
1.566752;6.000000
1.665982;28.000000
1.506230;6.000000
1.532780;8.000000
1.497616;34.000000
1.530762;23.000000
1.632800;17.000000
1.636455;36.000000
1.493342;8.000000
1.780413;16.000000
1.638839;29.000000
1.484094;28.000000
1.531991;29.000000
1.706395;4.000000
1.643872;21.000000
1.681216;8.000000
1.543113;8.000000
1.567301;23.000000
1.581371;8.000000
1.517551;3.000000
1.506261;6.000000
1.679985;15.000000
1.626738;5.000000
1.621433;20.000000
1.665430;24.000000
1.540393;9.000000
1.431051;36.000000
1.571710;15.000000
1.540563;7.000000
1.670272;7.000000
1.450483;12.000000
1.529908;17.000000
1.545348;7.000000
1.602001;65.000000
1.526977;6.000000
1.400314;17.000000
1.544679;20.000000
1.448504;27.000000
1.582662;11.000000
1.453103;5.000000
1.567382;8.000000
1.425110;32.000000
1.592382;15.000000
1.553849;21.000000
1.658977;23.000000
1.459273;24.000000
1.484117;2.000000
1.553959;22.000000
1.641446;16.000000
1.623379;8.000000
1.532391;7.000000
1.539036;6.000000
1.475749;6.000000
1.682635;17.000000
1.604272;40.000000
