1115069.778046;10188565.000000
1113422.595358;10198066.000000
1109808.340843;10206595.000000
1114912.308510;10215492.000000
1113061.973704;10224845.000000
1110980.692256;10233636.000000
1119174.943398;10242819.000000
1113258.889990;10251419.000000
1118387.266860;10260376.000000
1117998.530214;10269428.000000
1122714.780505;10278568.000000
1121576.710921;10288057.000000
1126603.518327;10297280.000000
1126275.668154;10306540.000000
1125578.154374;10315677.000000
1127243.838476;10324880.000000
1126283.425079;10333897.000000
1123306.146991;10342196.000000
1126623.998598;10351395.000000
1130730.167487;10360099.000000
1133393.495302;10369164.000000
1129824.414603;10378646.000000
1132276.610226;10387502.000000
1135959.077581;10396723.000000
1129473.009597;10405382.000000
1136890.073862;10414375.000000
1130758.595509;10423032.000000
1142085.510688;10432303.000000
1140924.114711;10441141.000000
1131352.049818;10449758.000000
1143332.503344;10458510.000000
1141612.881116;10467392.000000
1142071.611908;10476657.000000
1143931.077632;10485687.000000
1145442.166346;10495122.000000
1147203.473280;10504586.000000
1145088.302558;10513715.000000
1146059.273602;10522471.000000
1143295.903370;10531386.000000
1150522.098319;10540891.000000
1152487.496940;10550234.000000
1147981.479888;10559055.000000
1160111.070756;10568338.000000
1154135.520470;10577096.000000
1155352.286872;10586904.000000
1155548.657893;10595967.000000
1155700.989528;10605260.000000
1158485.219781;10614060.000000
1160810.630603;10623633.000000
1156315.372388;10632090.000000
1167092.021590;10641297.000000
1163233.295275;10650620.000000
1161116.099825;10659501.000000
1165763.080386;10669197.000000
1161546.464323;10678153.000000
1158812.274075;10686921.000000
1168257.240391;10696083.000000
1162121.124461;10704896.000000
1172644.018925;10713971.000000
1172546.748637;10723155.000000
1172879.232871;10732006.000000
1172331.276757;10740836.000000
1170397.036722;10749866.000000
1170001.651179;10759245.000000
1172947.608534;10768781.000000
1183360.525330;10778264.000000
1174163.286499;10786626.000000
1178975.991051;10796026.000000
1175593.871260;10804875.000000
1181564.520830;10814610.000000
1186653.424126;10823358.000000
1177043.714503;10832168.000000
1183363.288023;10841216.000000
1182026.717586;10849938.000000
1181945.974315;10858814.000000
1192266.556626;10868337.000000
1190393.831857;10878051.000000
1184832.458774;10887048.000000
1190865.666103;10896944.000000
1190742.718043;10905878.000000
1194376.015442;10914991.000000
1185973.854516;10924110.000000
1195152.476054;10933300.000000
1190926.144016;10942376.000000
1195532.720127;10951648.000000
1192860.288564;10961130.000000
1198658.707247;10969852.000000
1195127.693664;10978267.000000
1197516.074127;10987150.000000
1189670.272457;10995517.000000
1193640.453823;11004306.000000
1202283.314700;11012797.000000
1200763.808463;11021702.000000
1204906.750288;11030413.000000
1199562.240349;11039520.000000
1203797.062436;11048117.000000
1206807.416772;11057405.000000
1219339.997661;11066982.000000
1208179.524227;11075887.000000
1215342.739062;11085190.000000
