1.198930;18.000000
1.228234;4.000000
1.265100;23.000000
1.234565;9.000000
1.218182;11.000000
1.122338;18.000000
1.238392;20.000000
1.211525;15.000000
1.249730;22.000000
1.221022;16.000000
1.157588;6.000000
1.232804;19.000000
1.240770;6.000000
1.207685;25.000000
1.230781;8.000000
1.218583;9.000000
1.230139;14.000000
1.285146;7.000000
1.233498;14.000000
1.305632;10.000000
1.233723;8.000000
1.224505;17.000000
1.194638;9.000000
1.253130;8.000000
1.241523;6.000000
1.257638;3.000000
1.225828;6.000000
1.201723;4.000000
1.202225;6.000000
1.272869;18.000000
1.246902;20.000000
1.245006;6.000000
1.195529;9.000000
1.212391;12.000000
1.215812;8.000000
1.197444;13.000000
1.238163;9.000000
1.230843;9.000000
1.273463;13.000000
1.277137;10.000000
1.267363;3.000000
1.284367;11.000000
1.287228;3.000000
1.241337;19.000000
1.259790;7.000000
1.236595;9.000000
1.241943;10.000000
1.258801;28.000000
1.223218;22.000000
1.261533;11.000000
1.215193;4.000000
1.183856;7.000000
1.195626;15.000000
1.263491;2.000000
1.252705;8.000000
1.196734;18.000000
1.257950;16.000000
1.206377;28.000000
1.216454;15.000000
1.263281;3.000000
1.291065;26.000000
1.251792;11.000000
1.249979;14.000000
1.203638;9.000000
1.198221;23.000000
1.307254;14.000000
1.262930;6.000000
1.282804;16.000000
1.183507;6.000000
1.255106;6.000000
1.253702;8.000000
1.291459;14.000000
1.249761;2.000000
1.279445;2.000000
1.228219;4.000000
1.227468;2.000000
1.204468;16.000000
1.246327;28.000000
1.185978;4.000000
1.266990;13.000000
1.236542;18.000000
1.226495;26.000000
1.211888;14.000000
1.273513;36.000000
1.235264;25.000000
1.202594;18.000000
1.209644;24.000000
1.255667;46.000000
1.272080;14.000000
1.191163;26.000000
1.275095;7.000000
1.235906;13.000000
1.229158;11.000000
1.218437;33.000000
1.205664;11.000000
1.235987;13.000000
1.267868;18.000000
1.207299;11.000000
1.252418;22.000000
1.238008;17.000000
