3663649.651767;35217243.000000
3674972.685260;35222063.000000
3672947.586519;35226156.000000
3681172.578658;35230679.000000
3689284.987344;35235130.000000
3670322.738826;35239600.000000
3662297.590513;35243962.000000
3643211.031240;35247723.000000
3683789.860341;35252284.000000
3682888.120879;35257117.000000
3678444.230073;35261625.000000
3675739.433826;35265837.000000
3666906.148874;35270037.000000
3667491.067798;35274319.000000
3679183.753935;35278732.000000
3680949.105772;35283215.000000
3684693.647953;35287681.000000
3686091.984876;35291914.000000
3676681.062801;35295998.000000
3682875.507742;35300368.000000
3673919.049220;35304930.000000
3694132.716480;35309480.000000
3686548.997045;35313694.000000
3675005.841596;35317639.000000
3672599.385547;35322365.000000
3683165.915634;35326660.000000
3672156.665857;35330860.000000
3692028.272201;35335267.000000
3677189.702647;35339286.000000
3680885.746619;35343799.000000
3696275.694080;35348701.000000
3691800.359543;35353526.000000
3704663.507164;35358339.000000
3674552.390714;35362751.000000
3693376.641023;35367359.000000
3693120.107818;35371855.000000
3691730.883912;35375713.000000
3670994.580478;35380001.000000
3668588.901863;35383927.000000
3706472.199523;35388367.000000
3665883.874506;35392294.000000
3692541.017977;35396184.000000
3680409.187723;35400614.000000
3681007.396195;35404603.000000
3688897.703390;35408881.000000
3699169.373640;35413761.000000
3697379.489329;35418260.000000
3691048.818563;35422750.000000
3695923.950810;35427299.000000
3681381.569530;35431708.000000
3704391.955499;35436361.000000
3706733.249185;35441318.000000
3701048.882215;35445837.000000
3702849.292200;35450431.000000
3682989.347456;35455090.000000
3707667.929028;35459445.000000
3690840.035886;35463951.000000
3701795.194057;35468576.000000
3691092.804942;35472746.000000
3695327.446392;35477426.000000
3707365.419511;35481695.000000
3701012.046277;35486535.000000
3708439.555313;35491023.000000
3727073.852838;35495457.000000
3690947.879992;35499367.000000
3695446.079599;35503608.000000
3698930.232616;35508152.000000
3715840.356581;35513139.000000
3707927.947297;35517523.000000
3703928.062919;35521897.000000
3698537.681021;35526681.000000
3680986.142669;35531033.000000
3719071.582934;35535812.000000
3706076.348083;35540561.000000
3687462.123825;35544828.000000
3720167.573883;35549402.000000
3724134.233529;35553750.000000
3720781.651595;35558047.000000
3696692.392369;35562486.000000
3698970.176510;35566757.000000
3690754.235912;35570957.000000
3700482.150297;35575157.000000
3709306.611106;35579616.000000
3732580.599818;35584226.000000
3718001.558260;35588702.000000
3718184.383666;35593466.000000
3704885.018959;35598295.000000
3699219.064952;35602148.000000
3718456.579889;35606834.000000
3686289.758538;35611249.000000
3707717.125284;35615305.000000
3698193.562633;35619261.000000
3712327.590178;35623358.000000
3709539.134664;35627712.000000
3700289.847119;35632006.000000
3728923.198480;35636804.000000
3684387.390473;35641018.000000
3707644.695783;35645088.000000
3706788.880354;35649658.000000
3706134.245410;35654097.000000
