670036.703377;6919725.000000
668558.031122;6916140.000000
666917.939294;6912457.000000
672365.353523;6908872.000000
670344.366417;6905011.000000
665506.016852;6900931.000000
665086.003498;6897220.000000
669415.564959;6893941.000000
668529.378850;6890032.000000
664857.517595;6886672.000000
666581.581420;6882948.000000
666201.188579;6879034.000000
664275.555365;6875713.000000
668230.968618;6872312.000000
666871.248100;6869436.000000
665667.027782;6865996.000000
663212.445880;6862480.000000
667297.439798;6859215.000000
663851.702697;6855273.000000
663119.957680;6852022.000000
666527.419762;6848713.000000
663015.302428;6845271.000000
659241.748508;6841455.000000
660559.850197;6838061.000000
660526.637231;6834574.000000
661225.927740;6830885.000000
661461.299682;6827236.000000
657412.545379;6823189.000000
660901.929462;6819510.000000
660487.777946;6816386.000000
659601.148015;6813068.000000
660668.367127;6809725.000000
657770.473501;6806215.000000
663973.279120;6803379.000000
659006.065190;6800025.000000
659614.457369;6796654.000000
657644.737260;6793168.000000
655755.091628;6789805.000000
660548.748196;6786539.000000
657316.383461;6782892.000000
657348.610491;6779603.000000
657696.086914;6775957.000000
654455.403969;6772355.000000
655255.792644;6768776.000000
654322.523256;6765227.000000
654034.105204;6761525.000000
649481.986558;6757251.000000
655171.363367;6753585.000000
655144.241192;6750679.000000
651344.767625;6747074.000000
654973.311788;6743560.000000
652168.814852;6740076.000000
653042.892727;6736894.000000
656727.918897;6733703.000000
652209.499071;6729915.000000
647221.622034;6726010.000000
647506.917837;6721980.000000
653260.234015;6718841.000000
650378.889567;6715354.000000
648583.014614;6711751.000000
649221.561977;6707790.000000
647421.636870;6703882.000000
653465.927469;6700339.000000
646253.473667;6696528.000000
649444.934955;6693034.000000
646562.115627;6689718.000000
646671.428046;6686154.000000
648127.146678;6682996.000000
646747.753782;6679821.000000
648455.951365;6676868.000000
644725.414951;6673049.000000
649802.141415;6669903.000000
646821.016276;6666380.000000
647123.382689;6662823.000000
642060.768569;6659333.000000
645411.921272;6656108.000000
642276.234405;6652514.000000
641584.169681;6648684.000000
642211.247329;6644791.000000
641415.223608;6641039.000000
643558.510829;6637285.000000
639276.847412;6633671.000000
645153.126123;6630183.000000
637763.776640;6625934.000000
642598.977314;6622160.000000
639282.672480;6618195.000000
638051.022535;6614280.000000
642925.301449;6610698.000000
643648.731007;6607281.000000
639587.256360;6603561.000000
637944.679096;6600116.000000
641882.328123;6596636.000000
638468.997403;6593048.000000
637453.578749;6589719.000000
641106.045547;6586383.000000
636854.937889;6582276.000000
637936.411887;6578182.000000
640446.274411;6575018.000000
635756.268636;6571705.000000
635730.253829;6567921.000000
