2891346.546467;30312582.000000
2882216.235365;30307182.000000
2884492.828379;30301835.000000
2895470.103422;30296507.000000
2898742.367852;30290844.000000
2877247.798225;30285198.000000
2867781.795754;30279719.000000
2880988.216425;30274525.000000
2879092.651189;30269449.000000
2884143.641689;30264088.000000
2879237.378317;30258679.000000
2875929.409573;30253083.000000
2874730.893305;30247575.000000
2888230.057493;30242337.000000
2870656.875787;30236315.000000
2897521.667219;30231290.000000
2878462.880375;30225674.000000
2889594.858415;30220670.000000
2869448.199242;30214911.000000
2862118.609707;30209057.000000
2876659.511164;30204140.000000
2876478.715519;30198748.000000
2882904.314145;30193542.000000
2896031.156576;30188520.000000
2878109.751742;30183171.000000
2869686.188779;30177624.000000
2893841.617601;30172673.000000
2862920.427928;30167059.000000
2870971.091523;30161583.000000
2866109.078007;30156307.000000
2883559.237368;30151031.000000
2874424.946052;30145952.000000
2886022.375616;30140537.000000
2868903.383904;30135089.000000
2863957.059045;30129789.000000
2878416.351514;30124820.000000
2869324.614371;30118769.000000
2871533.507414;30113500.000000
2873732.183814;30108027.000000
2875844.030418;30102915.000000
2858495.796002;30097368.000000
2871998.328800;30091904.000000
2865062.364209;30086539.000000
2865797.181059;30081194.000000
2864358.936523;30075486.000000
2860617.443588;30070307.000000
2867484.325390;30065381.000000
2859766.408056;30060068.000000
2867488.376299;30054395.000000
2862510.499642;30049381.000000
2856250.300265;30043589.000000
2855151.148555;30038212.000000
2873291.099596;30033394.000000
2866054.745457;30028164.000000
2838202.570373;30022546.000000
2850822.855031;30017125.000000
2860169.921566;30011991.000000
2847391.330518;30006605.000000
2843606.449358;30001031.000000
2849888.702766;29995806.000000
2864874.455422;29990668.000000
2861907.345497;29985025.000000
2858126.709320;29979642.000000
2856287.518135;29974012.000000
2851276.846375;29968430.000000
2874501.102054;29962880.000000
2854045.720589;29957559.000000
2853502.694450;29952232.000000
2854064.119096;29946895.000000
2846912.994789;29941314.000000
2843926.646995;29935739.000000
2846031.177359;29930355.000000
2864650.102640;29925753.000000
2860928.496498;29920784.000000
2845509.868102;29915056.000000
2862647.353839;29909684.000000
2851203.221911;29904402.000000
2833082.173192;29898851.000000
2845746.557960;29893609.000000
2848038.250808;29888432.000000
2854321.806505;29882931.000000
2839823.338441;29877376.000000
2837782.908712;29871918.000000
2856460.192713;29866966.000000
2852128.781377;29861850.000000
2842353.614151;29856500.000000
2843127.106526;29851372.000000
2835845.026015;29845874.000000
2841469.294893;29840530.000000
2840268.874759;29834850.000000
2834072.958461;29829086.000000
2838997.773065;29823247.000000
2836009.777422;29817076.000000
2828056.520385;29811709.000000
2843291.448414;29806134.000000
2830060.594797;29800412.000000
2837558.112204;29795340.000000
2843016.653344;29790118.000000
2836639.708597;29784977.000000
2836404.301465;29779479.000000
