1934609.325808;20288533.000000
1930941.645526;20283233.000000
1932367.947262;20277845.000000
1935389.259194;20272533.000000
1929334.928110;20267240.000000
1918632.213383;20261716.000000
1922166.705957;20256195.000000
1929500.369626;20251131.000000
1928134.627599;20245706.000000
1927999.610859;20240148.000000
1926476.585478;20234543.000000
1926681.218006;20229520.000000
1937953.724276;20224516.000000
1924463.953712;20218594.000000
1941456.491209;20213653.000000
1922280.991541;20208163.000000
1938733.986737;20203636.000000
1928018.824643;20198837.000000
1922836.140371;20193899.000000
1913816.067654;20188251.000000
1925689.773729;20183415.000000
1924538.733944;20178091.000000
1925328.623313;20172737.000000
1922173.248086;20167964.000000
1917572.602747;20162540.000000
1926925.422754;20157244.000000
1918338.442198;20151761.000000
1921929.412729;20146283.000000
1927652.895062;20140957.000000
1926691.818100;20136033.000000
1921306.899365;20131076.000000
1915738.796797;20125957.000000
1919299.933594;20120919.000000
1920348.947658;20116160.000000
1930415.188977;20111033.000000
1909982.271181;20105370.000000
1914075.812727;20100530.000000
1915921.185227;20095081.000000
1914910.098331;20089360.000000
1925574.370291;20084743.000000
1918339.537551;20079452.000000
1905265.822959;20073997.000000
1907453.415341;20068964.000000
1915726.323576;20063337.000000
1911946.003083;20058094.000000
1910452.118430;20052432.000000
1915499.391173;20047113.000000
1915403.974908;20041625.000000
1914793.893200;20036430.000000
1906310.142895;20031348.000000
1903320.446238;20026127.000000
1912244.484444;20021163.000000
1903506.403757;20015471.000000
1915107.999506;20010705.000000
1911789.276206;20005491.000000
1908068.322998;19999905.000000
1910741.985942;19994484.000000
1914060.650858;19989371.000000
1905496.084906;19984098.000000
1900229.684635;19978385.000000
1901925.002269;19973540.000000
1909442.199637;19968864.000000
1891242.240625;19963572.000000
1899060.968461;19957975.000000
1903611.497926;19953090.000000
1901164.501867;19947594.000000
1899765.648196;19942204.000000
1898991.821251;19936341.000000
1886646.429968;19930931.000000
1902959.021472;19925423.000000
1902699.519863;19919923.000000
1893760.785844;19914623.000000
1903077.491807;19909448.000000
1904913.792685;19903714.000000
1892132.107071;19898254.000000
1888239.527654;19892745.000000
1890435.372456;19887177.000000
1898427.261780;19881764.000000
1899502.567861;19876280.000000
1897414.917176;19870645.000000
1900018.610543;19865748.000000
1881848.416694;19860076.000000
1900521.857110;19855297.000000
1885220.349928;19849586.000000
1892953.840390;19844132.000000
1889823.845795;19838782.000000
1892368.230127;19833294.000000
1896208.903105;19828082.000000
1895165.224504;19822548.000000
1886105.713174;19817037.000000
1889887.779623;19812019.000000
1890685.606728;19806747.000000
1889645.267724;19801285.000000
1895252.113963;19796454.000000
1887443.949904;19791411.000000
1876460.781863;19785959.000000
1880938.718458;19780510.000000
1879856.271160;19775093.000000
1878818.247074;19769585.000000
1886406.471799;19764326.000000
