2382488.854373;24928425.000000
2377453.745356;24923387.000000
2392838.296919;24918735.000000
2377510.629680;24913485.000000
2364897.196926;24908344.000000
2378936.589582;24903105.000000
2381721.688737;24898508.000000
2380454.478347;24893899.000000
2389419.493854;24889184.000000
2373820.939324;24884263.000000
2388010.047125;24879313.000000
2374430.386710;24874644.000000
2372247.022228;24869323.000000
2375770.087602;24864398.000000
2388654.351357;24860035.000000
2374528.256594;24854827.000000
2373105.297013;24849544.000000
2374948.419260;24844804.000000
2364073.207597;24839244.000000
2368431.926801;24833662.000000
2365400.211761;24828598.000000
2365798.388528;24823380.000000
2370570.076855;24818287.000000
2374389.785327;24813554.000000
2358897.834393;24808496.000000
2361081.613349;24803298.000000
2380164.350964;24798340.000000
2363200.391213;24793556.000000
2370791.809047;24788756.000000
2358493.934008;24783654.000000
2345018.266758;24777706.000000
2377284.717630;24773181.000000
2373350.919317;24768546.000000
2367346.189755;24763522.000000
2359317.315502;24758338.000000
2363145.505737;24752916.000000
2362318.309243;24747622.000000
2372924.134451;24742529.000000
2354107.503601;24737526.000000
2368041.291068;24732720.000000
2361034.941183;24727154.000000
2358526.927336;24721467.000000
2360456.282367;24716630.000000
2348417.626744;24711503.000000
2367632.865502;24706092.000000
2359876.712945;24701559.000000
2377444.373891;24696579.000000
2353908.705044;24691104.000000
2370258.443245;24686396.000000
2360556.430067;24681725.000000
2353604.349245;24676355.000000
2345264.530623;24671325.000000
2359811.752067;24666422.000000
2353787.113485;24661548.000000
2356981.251202;24656983.000000
2356699.743484;24651580.000000
2366656.300468;24646569.000000
2352903.904855;24641308.000000
2355336.711882;24636371.000000
2344836.556360;24630755.000000
2343350.393324;24625826.000000
2354534.587207;24621034.000000
2337639.318417;24615993.000000
2354441.560157;24610641.000000
2351516.423958;24605542.000000
2345223.647818;24599961.000000
2348524.909492;24594858.000000
2350810.619262;24589499.000000
2349971.046095;24583983.000000
2352105.931219;24579280.000000
2361436.683011;24574294.000000
2345023.871067;24569202.000000
2332520.440383;24563878.000000
2340748.930195;24558435.000000
2342921.067762;24553471.000000
2346913.241033;24548069.000000
2331120.095541;24542557.000000
2337014.997619;24537631.000000
2337359.382985;24532523.000000
2346922.574709;24527431.000000
2350009.860046;24522713.000000
2349050.448135;24517895.000000
2336720.796686;24512527.000000
2345756.510364;24507540.000000
2351722.160180;24502464.000000
2349936.218392;24497768.000000
2336372.128361;24492956.000000
2332164.226838;24488014.000000
2333503.739484;24482712.000000
2334517.862132;24477238.000000
2338503.361805;24472139.000000
2329435.612885;24466905.000000
2335084.115513;24461708.000000
2338791.816639;24456887.000000
2324454.382925;24451980.000000
2336269.558400;24447359.000000
2344423.684018;24442433.000000
2323224.652022;24437158.000000
2344565.530644;24432229.000000
2334612.616344;24427285.000000
