1.231775;18.000000
1.278397;34.000000
1.325498;11.000000
1.307022;13.000000
1.314190;6.000000
1.280081;14.000000
1.370806;27.000000
1.310506;15.000000
1.295576;7.000000
1.272196;19.000000
1.327693;7.000000
1.298873;7.000000
1.283212;29.000000
1.347166;22.000000
1.330985;16.000000
1.319538;25.000000
1.321506;13.000000
1.319821;22.000000
1.286941;1.000000
1.348815;19.000000
1.379945;13.000000
1.366796;7.000000
1.324246;18.000000
1.281262;5.000000
1.279541;10.000000
1.294616;5.000000
1.349338;7.000000
1.283030;14.000000
1.298360;3.000000
1.330512;5.000000
1.349239;14.000000
1.385856;19.000000
1.354972;17.000000
1.308176;27.000000
1.277174;21.000000
1.335994;15.000000
1.281220;14.000000
1.316374;40.000000
1.272439;9.000000
1.244372;7.000000
1.277954;15.000000
1.297929;14.000000
1.360933;14.000000
1.335922;14.000000
1.278961;15.000000
1.377571;13.000000
1.246505;13.000000
1.256385;8.000000
1.313141;34.000000
1.238898;35.000000
1.219956;29.000000
1.279842;10.000000
1.371764;6.000000
1.287885;14.000000
1.323544;21.000000
1.274064;11.000000
1.267730;25.000000
1.293975;12.000000
1.263964;17.000000
1.216247;16.000000
1.351988;8.000000
1.233105;24.000000
1.241720;9.000000
1.294692;17.000000
1.301674;12.000000
1.346229;13.000000
1.272212;4.000000
1.266003;16.000000
1.371273;14.000000
1.267135;8.000000
1.380289;15.000000
1.330156;34.000000
1.235906;25.000000
1.250833;8.000000
1.340489;37.000000
1.311400;6.000000
1.282550;8.000000
1.355734;6.000000
1.317555;11.000000
1.232122;14.000000
1.315249;17.000000
1.289216;19.000000
1.278832;11.000000
1.360732;38.000000
1.308486;15.000000
1.243779;2.000000
1.283954;10.000000
1.266022;24.000000
1.353411;19.000000
1.321119;7.000000
1.286795;19.000000
1.321071;15.000000
1.311294;8.000000
1.323134;17.000000
1.236900;6.000000
1.318733;9.000000
1.348310;20.000000
1.275372;12.000000
1.344925;13.000000
1.443664;5.000000
