1500038.281990;15987092.000000
1499438.885915;15980084.000000
1505720.920784;15973225.000000
1502189.995575;15966057.000000
1502822.397582;15958553.000000
1491586.479502;15951118.000000
1489978.898142;15943835.000000
1503087.185628;15937081.000000
1492421.678924;15930401.000000
1495379.669125;15923517.000000
1494733.719721;15916752.000000
1489076.654401;15909704.000000
1497845.210047;15903125.000000
1496235.156440;15896476.000000
1493043.231297;15889466.000000
1499189.560074;15882504.000000
1494635.895621;15875510.000000
1486416.881469;15868122.000000
1495308.042125;15860931.000000
1491686.845326;15853642.000000
1489964.605902;15846993.000000
1480707.840993;15839320.000000
1481144.873016;15832136.000000
1494765.460064;15825209.000000
1485601.708533;15818243.000000
1488786.669745;15811334.000000
1483139.544860;15803930.000000
1487128.570052;15796988.000000
1477639.723622;15790186.000000
1480277.133126;15783173.000000
1479245.987323;15776268.000000
1478757.122775;15769137.000000
1478581.733055;15762137.000000
1478366.732382;15755619.000000
1477238.106240;15748835.000000
1475177.857367;15741446.000000
1476002.987774;15734796.000000
1478446.481846;15727853.000000
1476172.022689;15721189.000000
1480556.259974;15714644.000000
1472500.011164;15707519.000000
1478858.349390;15700119.000000
1476203.943379;15693195.000000
1472054.188605;15685835.000000
1473825.931360;15678779.000000
1466596.408064;15671567.000000
1471705.102352;15664291.000000
1471820.779015;15657476.000000
1466463.224651;15650388.000000
1464458.143250;15643017.000000
1463972.896027;15635991.000000
1467977.681778;15628535.000000
1472327.167618;15621882.000000
1472465.168010;15614630.000000
1470680.302616;15608184.000000
1466753.657931;15601130.000000
1465762.309682;15594637.000000
1469147.040676;15587797.000000
1466258.727159;15581135.000000
1460436.820087;15573788.000000
1465518.901128;15566817.000000
1463120.543827;15559723.000000
1457497.508479;15552869.000000
1460492.427623;15546096.000000
1457065.808726;15539665.000000
1459428.851118;15532726.000000
1453372.721560;15525840.000000
1451262.174828;15518292.000000
1448671.391037;15511147.000000
1453183.599044;15503856.000000
1460349.898566;15496820.000000
1450593.779488;15489357.000000
1451213.772958;15482175.000000
1454295.881296;15475306.000000
1456526.372627;15468432.000000
1458620.091596;15461739.000000
1448308.752127;15454490.000000
1449906.264663;15447196.000000
1449511.074665;15440176.000000
1446885.310456;15433503.000000
1459101.088936;15427189.000000
1453961.717598;15420662.000000
1444064.051327;15413158.000000
1450364.581511;15405821.000000
1445934.024299;15398762.000000
1442511.253404;15391855.000000
1441314.126046;15385083.000000
1442290.262992;15378127.000000
1446496.689844;15371740.000000
1435068.943463;15364502.000000
1439800.625331;15357139.000000
1436894.221844;15349478.000000
1442288.257118;15342218.000000
1442317.527989;15335105.000000
1440349.956323;15328306.000000
1435544.713674;15320973.000000
1440632.791804;15313837.000000
1430774.004262;15306788.000000
1425963.760923;15299318.000000
1437679.163327;15292015.000000
