2401058.865092;22380150.000000
2394197.753399;22387531.000000
2390723.036647;22394255.000000
2394681.925195;22401184.000000
2390898.757605;22408625.000000
2390347.267789;22415575.000000
2405996.808364;22422836.000000
2395161.163077;22429844.000000
2420820.958303;22437489.000000
2394587.584572;22444173.000000
2401101.185322;22450580.000000
2413636.818970;22458204.000000
2401065.746145;22464271.000000
2397840.918484;22471110.000000
2412606.201534;22478344.000000
2408515.154881;22485397.000000
2407233.101046;22492699.000000
2400900.222887;22499120.000000
2416652.085426;22506313.000000
2407422.818023;22513945.000000
2418864.643336;22520865.000000
2410170.474745;22527939.000000
2421423.199612;22535287.000000
2409839.059931;22542445.000000
2415794.036255;22549817.000000
2421666.968188;22556940.000000
2406616.669872;22563985.000000
2403400.320297;22571264.000000
2418377.355268;22578082.000000
2432692.761489;22585418.000000
2411051.507016;22591977.000000
2432341.313685;22599310.000000
2415322.051748;22606687.000000
2426947.615818;22613806.000000
2425611.521207;22621318.000000
2419315.791090;22628494.000000
2428923.919413;22635836.000000
2422375.831060;22643267.000000
2425564.368400;22650628.000000
2436062.326900;22658240.000000
2417215.719520;22665372.000000
2419439.533840;22672785.000000
2423845.160109;22679858.000000
2432286.530178;22687214.000000
2434752.203925;22694625.000000
2431675.598871;22701268.000000
2422140.909946;22708114.000000
2428119.674323;22714965.000000
2446151.068665;22722371.000000
2438945.060299;22729633.000000
2434722.892818;22736171.000000
2439040.224902;22743375.000000
2450209.508794;22750962.000000
2446197.680395;22758238.000000
2442438.017442;22765524.000000
2443097.066874;22772405.000000
2429258.366980;22779562.000000
2444650.366018;22786887.000000
2439027.628157;22793997.000000
2440212.115458;22801172.000000
2456361.835360;22808466.000000
2429540.843774;22815279.000000
2455567.413731;22822735.000000
2438927.307237;22829705.000000
2437347.557453;22836596.000000
2450206.082236;22843501.000000
2450306.415414;22850787.000000
2446886.903630;22857834.000000
2446661.907350;22864568.000000
2463914.848398;22872411.000000
2447632.466080;22879328.000000
2451625.527870;22886427.000000
2462775.572886;22893967.000000
2445251.722990;22901147.000000
2455430.681512;22908309.000000
2467158.249239;22915223.000000
2454399.232757;22922627.000000
2448648.847673;22929989.000000
2463122.372268;22936956.000000
2458998.114679;22944099.000000
2452930.519449;22951282.000000
2452542.494898;22958220.000000
2478787.363852;22966120.000000
2465741.092986;22973691.000000
2458917.022493;22981087.000000
2465016.011898;22988564.000000
2471967.780327;22996067.000000
2459051.306104;23002492.000000
2469413.071000;23009241.000000
2468621.727284;23016475.000000
2463267.159420;23023634.000000
2456748.377512;23030459.000000
2471764.470217;23037645.000000
2467137.661589;23044896.000000
2485686.265007;23051753.000000
2484798.781738;23059572.000000
2455387.167206;23066015.000000
2470755.637773;23072876.000000
2460770.470925;23079870.000000
2475868.863628;23087013.000000
