128503.250092;1164049.000000
129035.963582;1174512.000000
130386.303430;1185185.000000
131793.147260;1195595.000000
133003.436681;1205837.000000
133969.827134;1216397.000000
135719.325122;1227510.000000
136233.059311;1237764.000000
137540.808153;1248154.000000
139798.684960;1258940.000000
139435.433374;1268888.000000
141011.111503;1279260.000000
142035.082249;1289749.000000
143995.886471;1300553.000000
144773.600663;1310796.000000
146881.518220;1321837.000000
147053.796507;1332554.000000
147996.079982;1342757.000000
149408.861158;1352920.000000
150615.780024;1363633.000000
152413.172781;1374469.000000
153574.607068;1385346.000000
153951.591421;1395494.000000
155361.062599;1406247.000000
156328.077057;1416897.000000
157049.719376;1427246.000000
158545.600425;1437670.000000
159391.578211;1448371.000000
161685.026423;1459131.000000
162874.818457;1469808.000000
164538.274592;1480490.000000
164677.021592;1490781.000000
165707.133707;1501329.000000
166637.499971;1511696.000000
168890.151200;1522342.000000
169926.712719;1533480.000000
171071.941384;1544023.000000
171529.210903;1554320.000000
172419.450406;1565207.000000
174685.677570;1575768.000000
174318.434660;1586077.000000
176332.275669;1596819.000000
177806.017152;1607423.000000
178057.164536;1617798.000000
179466.257213;1627957.000000
180645.724095;1637926.000000
182468.173344;1648363.000000
183006.413225;1658991.000000
184092.439962;1669498.000000
185671.849472;1679718.000000
185591.151610;1689804.000000
187849.332169;1700001.000000
189168.361004;1710836.000000
191229.034617;1721659.000000
191545.002693;1731987.000000
191772.185954;1742527.000000
193123.032039;1752469.000000
195227.500706;1763116.000000
196039.050557;1773810.000000
197104.654351;1784095.000000
198739.870362;1795221.000000
199976.748053;1806409.000000
200150.345485;1816880.000000
201967.452678;1827185.000000
203665.269506;1837970.000000
204907.856318;1848925.000000
205563.455058;1859712.000000
207181.676705;1869967.000000
206957.986581;1880161.000000
209882.172554;1890383.000000
208157.696208;1900356.000000
210801.223936;1910906.000000
211312.575520;1921030.000000
212102.461380;1931085.000000
214018.113612;1941460.000000
216495.657651;1951899.000000
215720.527425;1962120.000000
218608.747624;1973076.000000
220318.173656;1984043.000000
219164.696190;1994172.000000
220214.294325;2004641.000000
222014.481803;2014819.000000
224313.740407;2025740.000000
225435.644002;2036624.000000
227419.415126;2047236.000000
227977.138979;2057899.000000
227623.417419;2068452.000000
229653.300616;2079024.000000
231617.069363;2089756.000000
231872.389198;2100110.000000
232423.126195;2110338.000000
235048.426873;2120955.000000
236687.290113;2131626.000000
236762.977616;2142612.000000
238652.585702;2153667.000000
239349.431363;2164025.000000
241189.425458;2174817.000000
240952.428438;2185201.000000
242759.255619;2195607.000000
245270.442324;2206233.000000
