3659039.911015;37322491.000000
3653795.344011;37320412.000000
3670658.667451;37318316.000000
3666062.828938;37316373.000000
3646551.455625;37314388.000000
3660072.694520;37312076.000000
3656902.653081;37310340.000000
3640698.938660;37308103.000000
3665077.767612;37305894.000000
3655428.976774;37304123.000000
3666641.313877;37301926.000000
3664809.211919;37300293.000000
3651018.829282;37298001.000000
3663439.926588;37296436.000000
3675281.781569;37294674.000000
3669578.640094;37292498.000000
3649080.111427;37290541.000000
3664851.169443;37288532.000000
3659129.170726;37286454.000000
3645664.528046;37284003.000000
3653946.045379;37281649.000000
3661100.398080;37279997.000000
3657876.850909;37278071.000000
3652054.658504;37275930.000000
3661478.645985;37273995.000000
3650609.052969;37271792.000000
3642944.898050;37269799.000000
3673366.397784;37267921.000000
3667976.384719;37265843.000000
3654735.766111;37264214.000000
3656331.978083;37262518.000000
3651950.149120;37260222.000000
3673598.569547;37258438.000000
3650761.196571;37256266.000000
3651266.246435;37254474.000000
3655468.365584;37252305.000000
3637372.387089;37250139.000000
3655608.794085;37247847.000000
3663307.691290;37245696.000000
3657392.223087;37244109.000000
3661623.820771;37242040.000000
3656492.347793;37239970.000000
3643743.872056;37238041.000000
3644066.204213;37235785.000000
3651744.168829;37233137.000000
3650475.496625;37230825.000000
3632484.118062;37228463.000000
3662503.181364;37226357.000000
3661592.014537;37223873.000000
3666529.121761;37221852.000000
3652689.633667;37219395.000000
3650379.453882;37217241.000000
3646545.013654;37215377.000000
3650916.128766;37213195.000000
3668355.647336;37210836.000000
3641896.843907;37208411.000000
3633508.307900;37206728.000000
3647727.186186;37204555.000000
3642324.316936;37202080.000000
3645517.135082;37200148.000000
3671739.259382;37198764.000000
3659613.138585;37196780.000000
3652219.020650;37195075.000000
3634953.956597;37193040.000000
3641320.054999;37190777.000000
3641220.176708;37189240.000000
3642338.803696;37187297.000000
3653332.456095;37185016.000000
3623024.155065;37182276.000000
3649296.910159;37180161.000000
3657006.153812;37178452.000000
3645966.846437;37176243.000000
3631013.203274;37174031.000000
3651533.502178;37171922.000000
3631102.107120;37169027.000000
3628117.025895;37166767.000000
3659477.078614;37165279.000000
3625636.771800;37162888.000000
3649967.845008;37160740.000000
3648606.052531;37158995.000000
3660410.939455;37156565.000000
3657124.828669;37154149.000000
3643420.240248;37152021.000000
3665753.110819;37150065.000000
3646685.995378;37148015.000000
3644436.370227;37145681.000000
3647617.824679;37143829.000000
3658761.841825;37142264.000000
3643732.639765;37139960.000000
3622952.748831;37138063.000000
3631798.088456;37135566.000000
3645275.669984;37133539.000000
3661523.872977;37132132.000000
3636690.631068;37129831.000000
3647087.398228;37128389.000000
3634128.785311;37125575.000000
3641937.996649;37123496.000000
3652217.646804;37121851.000000
3660115.802101;37120433.000000
3641515.367683;37118323.000000
