1.288313;16.000000
1.387871;14.000000
1.460759;27.000000
1.431131;56.000000
1.376985;34.000000
1.344043;11.000000
1.419974;3.000000
1.383169;13.000000
1.420869;26.000000
1.385257;18.000000
1.366454;10.000000
1.386715;9.000000
1.387659;30.000000
1.413263;5.000000
1.345360;37.000000
1.526551;19.000000
1.359623;4.000000
1.435968;17.000000
1.326943;3.000000
1.570337;14.000000
1.355720;17.000000
1.286841;8.000000
1.422539;9.000000
1.317619;21.000000
1.401278;31.000000
1.390381;12.000000
1.428469;9.000000
1.402636;11.000000
1.371759;7.000000
1.503430;6.000000
1.333800;12.000000
1.386238;7.000000
1.391555;26.000000
1.389879;12.000000
1.343917;36.000000
1.348006;6.000000
1.314339;6.000000
1.374658;23.000000
1.342534;3.000000
1.309434;26.000000
1.406175;28.000000
1.423382;3.000000
1.388801;18.000000
1.468492;9.000000
1.408345;15.000000
1.392226;10.000000
1.371006;8.000000
1.372026;5.000000
1.408276;7.000000
1.330192;39.000000
1.412481;21.000000
1.324674;22.000000
1.367498;12.000000
1.318627;17.000000
1.492700;5.000000
1.405520;22.000000
1.352459;11.000000
1.463364;5.000000
1.410389;17.000000
1.346722;5.000000
1.371166;12.000000
1.344696;8.000000
1.284914;5.000000
1.425163;14.000000
1.343635;21.000000
1.497013;15.000000
1.323317;9.000000
1.445403;18.000000
1.345421;7.000000
1.383769;12.000000
1.369197;12.000000
1.374030;9.000000
1.308722;8.000000
1.417112;19.000000
1.341861;33.000000
1.353549;14.000000
1.397720;20.000000
1.389608;16.000000
1.381446;43.000000
1.369458;16.000000
1.442262;1.000000
1.364779;3.000000
1.467521;38.000000
1.359194;29.000000
1.355678;11.000000
1.374541;23.000000
1.303865;11.000000
1.417293;22.000000
1.437461;11.000000
1.448314;9.000000
1.313350;27.000000
1.384038;36.000000
1.338112;7.000000
1.357304;5.000000
1.459501;15.000000
1.438777;27.000000
1.445523;16.000000
1.369541;3.000000
1.381248;12.000000
1.331403;6.000000
