1.185343;11.000000
1.293832;13.000000
1.285558;17.000000
1.268230;6.000000
1.219560;11.000000
1.234843;16.000000
1.228512;18.000000
1.213583;8.000000
1.235596;2.000000
1.241873;25.000000
1.216936;18.000000
1.226995;4.000000
1.236748;5.000000
1.180351;4.000000
1.207280;10.000000
1.223433;3.000000
1.250553;9.000000
1.174280;17.000000
1.281166;7.000000
1.280536;21.000000
1.200671;21.000000
1.212459;10.000000
1.282756;10.000000
1.323062;22.000000
1.206459;22.000000
1.231578;9.000000
1.252987;4.000000
1.180137;9.000000
1.252692;16.000000
1.247562;5.000000
1.256124;11.000000
1.259222;14.000000
1.283282;15.000000
1.319685;17.000000
1.210523;9.000000
1.196330;17.000000
1.260923;19.000000
1.178724;8.000000
1.250136;12.000000
1.224323;6.000000
1.235651;15.000000
1.282934;27.000000
1.277047;8.000000
1.197658;16.000000
1.228096;6.000000
1.198612;17.000000
1.220333;13.000000
1.296796;6.000000
1.189117;12.000000
1.245827;5.000000
1.283581;27.000000
1.313759;13.000000
1.264326;13.000000
1.280266;3.000000
1.228173;6.000000
1.234676;11.000000
1.224551;24.000000
1.215175;14.000000
1.245313;32.000000
1.242867;35.000000
1.212515;4.000000
1.220637;5.000000
1.250988;19.000000
1.260413;23.000000
1.193385;11.000000
1.231816;8.000000
1.248925;8.000000
1.242745;25.000000
1.220115;3.000000
1.267651;26.000000
1.224465;8.000000
1.233785;14.000000
1.208369;12.000000
1.217507;47.000000
1.226328;10.000000
1.210574;18.000000
1.235917;13.000000
1.253273;7.000000
1.176652;15.000000
1.217837;30.000000
1.216902;4.000000
1.274730;18.000000
1.222473;17.000000
1.210437;22.000000
1.230585;14.000000
1.218492;12.000000
1.221648;20.000000
1.219372;10.000000
1.260185;11.000000
1.212804;12.000000
1.256256;13.000000
1.255249;26.000000
1.222682;10.000000
1.251633;23.000000
1.254035;20.000000
1.269316;11.000000
1.236251;10.000000
1.263098;16.000000
1.281896;7.000000
1.259425;13.000000
