3589869.535466;34436046.000000
3583923.918020;34440595.000000
3578475.832316;34444783.000000
3587948.216898;34449132.000000
3586890.526477;34453228.000000
3579416.845354;34457482.000000
3576755.306894;34461612.000000
3566402.583899;34465417.000000
3586586.749116;34469551.000000
3598593.410666;34474188.000000
3585100.606123;34478110.000000
3600136.350659;34483048.000000
3597990.339838;34487042.000000
3585772.030183;34490999.000000
3591125.369008;34495499.000000
3588288.868596;34499687.000000
3594433.913627;34503971.000000
3602518.598331;34508347.000000
3600708.617124;34513034.000000
3596837.808177;34517541.000000
3596641.217977;34521901.000000
3586213.016213;34526229.000000
3585519.297166;34530301.000000
3600490.082109;34534682.000000
3587797.224248;34538729.000000
3573522.670643;34542851.000000
3591220.300530;34547063.000000
3605398.214015;34551058.000000
3601790.975319;34555841.000000
3615127.020664;34559993.000000
3585273.924746;34563180.000000
3615544.407734;34567576.000000
3621518.289283;34572150.000000
3602629.046759;34576506.000000
3620957.185211;34580946.000000
3593108.378148;34585078.000000
3594400.492055;34588875.000000
3602921.260442;34592821.000000
3603118.747341;34597118.000000
3597453.119897;34601099.000000
3595781.391623;34605215.000000
3591801.104323;34609319.000000
3609843.781206;34613749.000000
3611914.981285;34618374.000000
3596950.854271;34622510.000000
3618879.002974;34627582.000000
3597680.296523;34631781.000000
3620398.246382;34636083.000000
3598981.722225;34640217.000000
3615087.139184;34644333.000000
3609713.661996;34648760.000000
3609595.636765;34652694.000000
3599128.459451;34656517.000000
3609794.720312;34660661.000000
3617589.601248;34664735.000000
3612601.151595;34669048.000000
3615718.009704;34673541.000000
3630153.138403;34677800.000000
3623044.697082;34682057.000000
3628932.751524;34687179.000000
3620510.358033;34691334.000000
3604046.400865;34695721.000000
3618236.006413;34700045.000000
3641187.348099;34704640.000000
3618601.340087;34708861.000000
3620250.762750;34712809.000000
3627977.183371;34717165.000000
3622288.328900;34721947.000000
3613636.321525;34725867.000000
3625105.368877;34729891.000000
3608062.721062;34734565.000000
3627395.331256;34739268.000000
3628482.853369;34742991.000000
3642915.169272;34747808.000000
3606335.669824;34751987.000000
3617477.073697;34755932.000000
3614598.535633;34760480.000000
3627796.208179;34764965.000000
3600586.965152;34768815.000000
3642857.392596;34773127.000000
3629903.251845;34777705.000000
3603148.390286;34781855.000000
3624986.469749;34786210.000000
3618698.631380;34790318.000000
3635371.903947;34794729.000000
3615904.057914;34798938.000000
3623785.269844;34803007.000000
3605710.857925;34807436.000000
3619246.937266;34811362.000000
3634928.894226;34815939.000000
3622216.886431;34820241.000000
3618524.957513;34824166.000000
3636745.528098;34828433.000000
3612085.337628;34832569.000000
3613843.121368;34837040.000000
3641512.954590;34841458.000000
3626215.388766;34846022.000000
3647680.678497;34850804.000000
3641898.461959;34854768.000000
3654113.814620;34859233.000000
