1.224643;10.000000
1.279091;5.000000
1.263107;6.000000
1.219336;13.000000
1.257098;15.000000
1.219983;6.000000
1.271172;9.000000
1.253042;8.000000
1.294353;22.000000
1.272048;15.000000
1.261621;5.000000
1.281350;18.000000
1.240545;14.000000
1.258061;8.000000
1.267370;21.000000
1.220636;5.000000
1.271582;10.000000
1.238665;24.000000
1.236074;9.000000
1.301179;29.000000
1.197082;8.000000
1.291765;24.000000
1.276630;6.000000
1.323712;4.000000
1.308875;17.000000
1.234512;24.000000
1.259943;12.000000
1.314599;2.000000
1.265870;8.000000
1.307966;6.000000
1.322593;14.000000
1.266438;20.000000
1.243004;8.000000
1.254986;5.000000
1.215121;21.000000
1.283754;22.000000
1.220957;20.000000
1.220535;19.000000
1.222004;23.000000
1.286406;15.000000
1.268326;7.000000
1.285519;12.000000
1.273361;12.000000
1.271719;6.000000
1.266133;13.000000
1.232910;4.000000
1.273097;7.000000
1.231844;17.000000
1.250359;11.000000
1.288594;20.000000
1.237865;7.000000
1.309879;10.000000
1.226832;5.000000
1.227440;35.000000
1.263867;1.000000
1.294184;2.000000
1.250059;14.000000
1.233944;7.000000
1.238211;8.000000
1.276818;11.000000
1.207126;6.000000
1.326731;16.000000
1.212304;18.000000
1.232165;8.000000
1.288985;6.000000
1.229226;11.000000
1.219602;23.000000
1.210320;8.000000
1.293883;5.000000
1.287363;12.000000
1.281036;2.000000
1.221691;13.000000
1.217216;19.000000
1.244685;24.000000
1.292313;12.000000
1.231727;8.000000
1.266566;41.000000
1.279774;25.000000
1.234143;14.000000
1.294913;12.000000
1.220662;20.000000
1.249714;9.000000
1.270288;20.000000
1.252641;15.000000
1.342402;32.000000
1.257557;9.000000
1.237626;21.000000
1.237774;21.000000
1.308836;11.000000
1.241162;9.000000
1.234160;16.000000
1.212591;14.000000
1.284314;11.000000
1.338140;8.000000
1.263932;4.000000
1.234743;7.000000
1.271000;40.000000
1.283157;9.000000
1.259095;5.000000
1.233465;7.000000
