1.066071;13.000000
1.208668;16.000000
1.133071;14.000000
1.099534;9.000000
1.111262;11.000000
1.148388;6.000000
1.184644;13.000000
1.153856;5.000000
1.169375;11.000000
1.100544;3.000000
1.123487;12.000000
1.109919;4.000000
1.067232;12.000000
1.155770;27.000000
1.108400;4.000000
1.150079;11.000000
1.174426;2.000000
1.142889;7.000000
1.160508;8.000000
1.158860;17.000000
1.156621;12.000000
1.206489;12.000000
1.144609;11.000000
1.120021;10.000000
1.141810;10.000000
1.138862;6.000000
1.134496;10.000000
1.165796;13.000000
1.161492;6.000000
1.170823;18.000000
1.107296;12.000000
1.177458;12.000000
1.141697;9.000000
1.116092;6.000000
1.184797;7.000000
1.150988;6.000000
1.152938;18.000000
1.120614;18.000000
1.166771;7.000000
1.161489;5.000000
1.147948;10.000000
1.172466;3.000000
1.114889;24.000000
1.165359;14.000000
1.104201;3.000000
1.187377;12.000000
1.166630;9.000000
1.154899;20.000000
1.137250;6.000000
1.196900;7.000000
1.179069;17.000000
1.126511;5.000000
1.130847;6.000000
1.133247;16.000000
1.152711;18.000000
1.141986;10.000000
1.153667;4.000000
1.115633;4.000000
1.209874;4.000000
1.114786;15.000000
1.123798;26.000000
1.078810;20.000000
1.247291;7.000000
1.206017;31.000000
1.135927;3.000000
1.141125;7.000000
1.168336;11.000000
1.109259;5.000000
1.117020;4.000000
1.132433;14.000000
1.157677;37.000000
1.155836;10.000000
1.155641;6.000000
1.120887;15.000000
1.183218;13.000000
1.133647;25.000000
1.153510;14.000000
1.124096;5.000000
1.166585;6.000000
1.166483;20.000000
1.156690;13.000000
1.113118;5.000000
1.107150;9.000000
1.122481;17.000000
1.144566;12.000000
1.156290;9.000000
1.227403;5.000000
1.139804;12.000000
1.125346;5.000000
1.171845;10.000000
1.076917;6.000000
1.152706;25.000000
1.172187;13.000000
1.129335;5.000000
1.149093;6.000000
1.194003;8.000000
1.137763;25.000000
1.138102;5.000000
1.112050;12.000000
1.140789;13.000000
