3202215.374086;30790523.000000
3204788.208048;30794908.000000
3184441.684187;30798648.000000
3197927.770942;30802699.000000
3198598.311079;30806943.000000
3204930.111102;30810718.000000
3198136.912112;30814976.000000
3192294.174812;30819047.000000
3193653.870493;30823129.000000
3204024.766581;30827493.000000
3197704.718036;30831663.000000
3197522.762557;30835788.000000
3212354.190442;30839544.000000
3190839.497230;30842900.000000
3197047.837165;30846766.000000
3220942.052488;30850902.000000
3216435.087114;30855021.000000
3204098.796220;30859036.000000
3198354.038796;30863540.000000
3227212.643206;30868136.000000
3214375.458031;30872698.000000
3215897.498208;30876975.000000
3205422.420194;30881083.000000
3217819.119761;30884943.000000
3208562.402811;30888639.000000
3208116.230574;30892806.000000
3224314.540611;30896854.000000
3223729.023609;30901092.000000
3210870.567217;30905383.000000
3216494.024751;30909409.000000
3233331.481010;30913808.000000
3232596.670461;30918508.000000
3213458.879703;30922622.000000
3201147.631945;30926378.000000
3208250.925172;30930573.000000
3217376.653738;30935240.000000
3211106.712933;30939328.000000
3204241.732510;30943741.000000
3219138.315020;30947906.000000
3208606.444859;30951663.000000
3205776.899324;30955404.000000
3208166.318839;30959460.000000
3236156.111723;30963665.000000
3208925.618825;30967576.000000
3224018.725075;30971349.000000
3232230.140796;30975277.000000
3222770.320708;30979755.000000
3206537.322648;30983660.000000
3217025.328449;30987436.000000
3221550.821760;30991652.000000
3226736.482143;30995771.000000
3212873.277956;30999536.000000
3219680.754866;31003602.000000
3221539.904864;31007834.000000
3212554.261530;31011821.000000
3220781.559897;31015430.000000
3214574.314653;31018800.000000
3226394.807427;31023094.000000
3230942.724188;31027067.000000
3236843.800468;31031530.000000
3227257.619400;31035882.000000
3241245.261630;31040578.000000
3243518.255280;31045348.000000
3223256.785744;31049181.000000
3226247.746364;31053217.000000
3212056.042109;31057328.000000
3247855.693092;31061698.000000
3211910.756116;31065821.000000
3216860.139608;31069827.000000
3229049.527132;31074279.000000
3233786.800331;31078480.000000
3234328.438902;31082538.000000
3229511.735237;31086747.000000
3246728.671882;31091388.000000
3243729.460386;31095338.000000
3220404.846401;31099202.000000
3235817.286039;31103560.000000
3230825.140133;31107711.000000
3241209.535709;31111732.000000
3254094.304126;31116073.000000
3235867.933020;31120206.000000
3213754.256353;31123817.000000
3231836.546188;31127589.000000
3227774.454803;31131530.000000
3236895.924394;31135670.000000
3236312.404722;31139715.000000
3230104.590763;31143794.000000
3244619.918420;31148119.000000
3232928.497632;31152117.000000
3255329.225947;31156426.000000
3241392.134699;31160042.000000
3252603.903901;31164235.000000
3251166.933043;31168515.000000
3222789.628446;31172545.000000
3247905.876544;31176632.000000
3243710.234550;31180455.000000
3248450.762259;31184830.000000
3242194.908533;31189080.000000
3241804.880730;31193127.000000
3225971.722935;31197399.000000
