832297.866952;8710791.000000
829964.517862;8705667.000000
835613.394249;8701027.000000
830323.461258;8695875.000000
826063.972360;8690901.000000
831687.342760;8685899.000000
827526.841288;8680864.000000
829761.929068;8675624.000000
831620.519332;8670817.000000
826021.386963;8665521.000000
826663.997245;8660671.000000
826131.884600;8655412.000000
829645.274467;8650392.000000
827056.146783;8645932.000000
831129.595030;8641142.000000
827858.033387;8635839.000000
823087.375042;8630766.000000
826797.965005;8625853.000000
820199.005126;8620864.000000
826072.506478;8616314.000000
818065.261688;8611020.000000
826227.501876;8605908.000000
824152.316475;8600896.000000
825305.890394;8596257.000000
817143.440263;8591042.000000
822700.518834;8586230.000000
820864.731078;8580928.000000
815500.574331;8575951.000000
817393.495788;8570862.000000
816628.962806;8566053.000000
817278.229000;8561057.000000
818123.632468;8556397.000000
816637.148727;8551370.000000
816679.759442;8546123.000000
814958.265701;8541076.000000
816888.593341;8536319.000000
814804.640148;8531069.000000
812504.099503;8525872.000000
813350.237034;8520782.000000
815758.525263;8515845.000000
814745.922109;8510573.000000
812731.505706;8505967.000000
813491.057814;8500740.000000
808168.421657;8495248.000000
810486.316063;8490351.000000
813333.244817;8485680.000000
811016.907359;8480692.000000
809803.918249;8475864.000000
809958.171835;8470620.000000
806278.585649;8465271.000000
806756.158271;8459943.000000
809472.857442;8454804.000000
811039.643681;8449699.000000
807878.516635;8444650.000000
805878.079008;8439294.000000
807163.292993;8434635.000000
803650.603068;8429555.000000
803928.202705;8425075.000000
807979.174643;8420065.000000
807820.427878;8415469.000000
799889.721954;8410251.000000
805713.736324;8405276.000000
802086.865706;8400218.000000
801675.636388;8395367.000000
799994.068531;8390727.000000
806280.745968;8386423.000000
803696.117109;8381023.000000
805574.820193;8376230.000000
800907.928726;8370892.000000
798900.739655;8365945.000000
799043.068279;8360770.000000
801424.937288;8355668.000000
799037.116344;8350463.000000
802264.700364;8345977.000000
796765.354190;8340974.000000
794041.438986;8335892.000000
803142.612337;8331412.000000
798830.543307;8326784.000000
792068.658562;8321695.000000
792135.653878;8316614.000000
792457.053353;8311552.000000
791567.666424;8306758.000000
792623.043577;8301949.000000
793892.114353;8296881.000000
792044.977162;8292057.000000
792476.268272;8286838.000000
793091.897596;8282380.000000
792148.198499;8277228.000000
788554.334836;8272003.000000
789779.355618;8267120.000000
787770.163121;8262314.000000
786686.914556;8257063.000000
791436.399760;8252566.000000
793462.741326;8247505.000000
784120.380365;8242685.000000
790010.797732;8238560.000000
787104.062200;8233923.000000
791226.984314;8229175.000000
788096.896075;8224441.000000
785829.911803;8219414.000000
