1.698670;21.000000
1.878837;7.000000
1.765053;24.000000
1.740412;30.000000
1.722111;7.000000
1.694984;5.000000
1.844617;29.000000
1.933874;15.000000
1.933685;11.000000
1.829534;23.000000
1.903559;10.000000
1.726438;37.000000
1.866378;13.000000
1.874502;19.000000
1.621738;24.000000
1.776288;17.000000
2.044624;11.000000
1.931983;17.000000
1.876216;23.000000
1.957177;17.000000
2.006639;11.000000
1.873109;8.000000
2.134737;12.000000
1.937225;17.000000
1.811756;9.000000
1.724644;33.000000
1.772338;8.000000
1.908093;18.000000
1.790912;9.000000
1.819795;28.000000
1.871085;19.000000
1.934878;8.000000
1.787176;21.000000
1.984151;11.000000
2.149655;23.000000
1.853257;28.000000
1.654243;7.000000
1.976379;3.000000
2.037797;49.000000
1.687593;48.000000
1.653345;16.000000
1.778219;34.000000
1.746466;3.000000
1.751719;5.000000
1.816991;12.000000
1.868330;14.000000
1.732985;17.000000
1.877910;10.000000
1.707455;10.000000
1.659569;26.000000
1.883157;39.000000
1.785374;14.000000
1.910807;26.000000
1.816031;1.000000
1.934899;7.000000
1.813747;12.000000
1.761581;37.000000
1.723176;12.000000
1.806357;11.000000
1.745392;23.000000
1.978997;15.000000
1.679232;8.000000
1.921660;43.000000
1.651840;15.000000
1.874890;36.000000
1.737906;54.000000
1.660884;34.000000
1.927867;49.000000
1.906208;7.000000
1.804648;14.000000
1.704626;45.000000
2.009863;20.000000
1.843327;7.000000
1.864297;20.000000
1.918911;12.000000
1.711901;14.000000
1.931188;7.000000
1.750910;32.000000
1.750326;19.000000
1.784039;22.000000
2.591445;25.000000
1.940727;25.000000
1.984367;39.000000
1.749531;47.000000
1.824818;11.000000
1.870648;11.000000
1.758171;5.000000
1.725698;18.000000
1.806838;10.000000
1.907473;9.000000
2.469920;52.000000
1.580369;17.000000
1.783066;10.000000
1.925646;55.000000
1.891764;19.000000
1.886223;53.000000
1.816039;4.000000
1.802885;19.000000
1.819232;18.000000
1.780635;1.000000
