1.192083;18.000000
1.242124;19.000000
1.251489;19.000000
1.215860;20.000000
1.239804;5.000000
1.294019;6.000000
1.177708;12.000000
1.201978;4.000000
1.185150;18.000000
1.167282;13.000000
1.190657;11.000000
1.219723;10.000000
1.215405;9.000000
1.242387;34.000000
1.205563;20.000000
1.237870;5.000000
1.231014;12.000000
1.252936;23.000000
1.223950;11.000000
1.166637;5.000000
1.231230;1.000000
1.163031;4.000000
1.142812;8.000000
1.250629;22.000000
1.174438;33.000000
1.214665;13.000000
1.196872;30.000000
1.221167;8.000000
1.188879;4.000000
1.194650;9.000000
1.189855;8.000000
1.221892;27.000000
1.191445;5.000000
1.232895;6.000000
1.221267;16.000000
1.228976;11.000000
1.211466;26.000000
1.234949;20.000000
1.192016;17.000000
1.277377;5.000000
1.220022;8.000000
1.178222;9.000000
1.159261;15.000000
1.234925;8.000000
1.280207;28.000000
1.207203;9.000000
1.202789;9.000000
1.257005;7.000000
1.151976;23.000000
1.195687;13.000000
1.344560;8.000000
1.267900;4.000000
1.299142;14.000000
1.191049;27.000000
1.269812;19.000000
1.185021;10.000000
1.186731;20.000000
1.222428;3.000000
1.212379;16.000000
1.210674;38.000000
1.217783;5.000000
1.219889;11.000000
1.243338;18.000000
1.281864;6.000000
1.242214;8.000000
1.229241;10.000000
1.177607;7.000000
1.210979;41.000000
1.195055;8.000000
1.250724;11.000000
1.203828;5.000000
1.234275;13.000000
1.204675;27.000000
1.231050;12.000000
1.199653;15.000000
1.221596;15.000000
1.189012;10.000000
1.233069;25.000000
1.184012;12.000000
1.256153;17.000000
1.220404;7.000000
1.285349;9.000000
1.219418;5.000000
1.267858;8.000000
1.247611;9.000000
1.175738;23.000000
1.151860;8.000000
1.258386;6.000000
1.272640;7.000000
1.222068;20.000000
1.211608;4.000000
1.278378;27.000000
1.191782;5.000000
1.166668;10.000000
1.241535;10.000000
1.239934;7.000000
1.298549;10.000000
1.169180;13.000000
1.233636;5.000000
1.246355;7.000000
