199778.264234;2127955.000000
198657.448394;2120593.000000
199322.730270;2113628.000000
197812.902072;2106474.000000
196243.851067;2099081.000000
196001.969834;2091367.000000
195521.383502;2084104.000000
195779.190853;2077512.000000
195266.888882;2070704.000000
192489.842536;2063339.000000
193214.254148;2055989.000000
191768.163945;2048833.000000
191511.376366;2041305.000000
190076.535499;2033760.000000
190297.289081;2027434.000000
189544.558590;2020138.000000
189212.828429;2013445.000000
188782.222191;2005892.000000
186928.089211;1998411.000000
187119.934656;1991076.000000
184886.317030;1983222.000000
185834.151270;1975945.000000
185467.654383;1968947.000000
184735.760090;1962117.000000
184427.705945;1954856.000000
183287.817603;1947886.000000
182666.749762;1940569.000000
181548.504679;1933591.000000
181154.327292;1926328.000000
180876.355655;1919309.000000
179036.363863;1912247.000000
178847.670518;1904799.000000
178045.011838;1897185.000000
177417.405977;1889819.000000
176043.913462;1882529.000000
175594.159118;1875191.000000
174960.411249;1868314.000000
174811.793895;1861357.000000
174518.295735;1854747.000000
174297.312170;1847361.000000
173284.284925;1840440.000000
171816.734802;1832981.000000
171835.711700;1825847.000000
170783.647903;1818595.000000
169850.581320;1811547.000000
169444.726664;1804425.000000
168960.674489;1797466.000000
167951.339157;1790069.000000
167031.441207;1782443.000000
166678.238744;1775568.000000
165956.604517;1768578.000000
166071.471805;1761900.000000
165206.552901;1755108.000000
164011.647979;1748040.000000
163635.885979;1740374.000000
163123.122082;1733459.000000
162044.070630;1726125.000000
160415.589059;1719009.000000
161387.666784;1712046.000000
160782.662543;1705050.000000
158893.194095;1697567.000000
158277.444626;1690109.000000
158309.283809;1682913.000000
157738.277831;1676126.000000
156527.075024;1669111.000000
155650.666375;1662062.000000
155374.363206;1654659.000000
155352.230254;1647845.000000
153530.057203;1640639.000000
153144.146432;1632580.000000
152061.522711;1625102.000000
152477.417747;1618230.000000
150919.483199;1610702.000000
151231.791663;1603886.000000
149849.074264;1596523.000000
149652.430568;1589599.000000
149489.744197;1582585.000000
147854.782190;1575173.000000
147368.425152;1568210.000000
146379.937503;1561445.000000
145878.446146;1554516.000000
145581.596791;1546950.000000
144723.346154;1539685.000000
144413.295948;1532787.000000
143286.603186;1525376.000000
142899.681673;1518080.000000
142203.035591;1510523.000000
141246.440062;1503552.000000
141275.004853;1496812.000000
140729.456449;1489564.000000
139039.235278;1482315.000000
139177.937270;1474923.000000
137273.161293;1467139.000000
136654.881310;1459380.000000
136759.998432;1452570.000000
136186.962602;1445428.000000
134679.816227;1437958.000000
134723.362413;1431179.000000
133563.846149;1423990.000000
133358.143199;1417040.000000
