1091518.412013;11172623.000000
1090086.517997;11170198.000000
1095657.263090;11167834.000000
1093350.978261;11165509.000000
1088632.994643;11163337.000000
1083842.583632;11160485.000000
1087762.027305;11157711.000000
1090614.858050;11155430.000000
1096289.818792;11153273.000000
1088860.007963;11150574.000000
1091517.779047;11148091.000000
1086110.591641;11145463.000000
1092726.691771;11143106.000000
1091658.626930;11140913.000000
1088188.917954;11138757.000000
1095001.077660;11136585.000000
1090320.775148;11134298.000000
1087390.337973;11131586.000000
1087197.105638;11129572.000000
1088436.741372;11126864.000000
1089287.996424;11124177.000000
1086318.488395;11121813.000000
1086957.530588;11119170.000000
1086941.894088;11116566.000000
1079263.859413;11114194.000000
1083745.437610;11111848.000000
1080411.618651;11109381.000000
1087148.148606;11107258.000000
1081815.779759;11104887.000000
1086324.844365;11102719.000000
1094277.041979;11100965.000000
1086289.035855;11098712.000000
1083301.325995;11096274.000000
1085245.005587;11093950.000000
1081588.859093;11091713.000000
1083581.431587;11089142.000000
1083775.944641;11086451.000000
1074788.125432;11083540.000000
1080431.441289;11080988.000000
1080513.226234;11078592.000000
1085613.341733;11076016.000000
1083620.862254;11073303.000000
1085175.257199;11071368.000000
1082805.495794;11068756.000000
1082454.720483;11066224.000000
1078443.407506;11063777.000000
1077191.438796;11061006.000000
1081619.857512;11058232.000000
1080225.154193;11055614.000000
1085589.006643;11053340.000000
1075446.991984;11050628.000000
1081472.922581;11047843.000000
1081274.181975;11045482.000000
1081742.208505;11043190.000000
1076139.042558;11040497.000000
1080207.301720;11038502.000000
1080984.501312;11035935.000000
1076704.339885;11034081.000000
1076188.094905;11031404.000000
1075327.169549;11028747.000000
1086635.886967;11027206.000000
1078214.821859;11024635.000000
1077262.483719;11022170.000000
1083227.815708;11020342.000000
1083245.380684;11017577.000000
1073725.504890;11014764.000000
1080344.950186;11012318.000000
1076613.024189;11009525.000000
1073631.890857;11006927.000000
1075786.956579;11004575.000000
1077042.783452;11002336.000000
1073389.615677;10999899.000000
1080850.492836;10997514.000000
1079760.918212;10995247.000000
1072474.471483;10992524.000000
1078491.239672;10990723.000000
1071973.740627;10988069.000000
1075354.536596;10985762.000000
1077371.877650;10983379.000000
1070256.090190;10980728.000000
1079538.186687;10978433.000000
1075754.980868;10976035.000000
1075362.367449;10973479.000000
1076918.085840;10971005.000000
1077588.384623;10968547.000000
1070681.629782;10966022.000000
1065487.083997;10963469.000000
1067356.638128;10960847.000000
1075624.746680;10958655.000000
1075734.490547;10955995.000000
1068099.925582;10953253.000000
1072000.764432;10950968.000000
1069797.077299;10948309.000000
1067794.044179;10945792.000000
1073348.318226;10943469.000000
1062554.773703;10940029.000000
1066999.329553;10936967.000000
1070688.451575;10934546.000000
1068815.962848;10932125.000000
1065348.836641;10929231.000000
