2279200.127851;23557893.000000
2276133.141424;23554339.000000
2288882.908478;23550999.000000
2281940.121779;23547503.000000
2287031.287459;23543733.000000
2267042.985487;23539582.000000
2266941.895558;23535765.000000
2280322.906922;23532214.000000
2284015.573302;23528449.000000
2268061.860875;23524371.000000
2281947.799680;23520904.000000
2273768.785722;23517440.000000
2266797.988842;23513353.000000
2281711.801454;23510132.000000
2280674.766771;23507171.000000
2277189.677439;23503759.000000
2280814.855614;23500254.000000
2275477.839448;23496640.000000
2270582.460726;23493474.000000
2265108.198995;23490237.000000
2269895.645496;23486595.000000
2261838.546707;23482847.000000
2268419.802407;23479453.000000
2265833.052974;23475830.000000
2266354.788440;23472124.000000
2279846.506931;23468670.000000
2252522.038502;23464813.000000
2266310.426726;23461421.000000
2252274.539470;23457409.000000
2286901.188686;23454184.000000
2269578.427473;23450295.000000
2270795.736976;23446870.000000
2276160.421848;23443491.000000
2264494.822171;23441000.000000
2272990.588414;23437391.000000
2267729.464583;23433632.000000
2273001.777515;23430003.000000
2265904.875177;23426268.000000
2266719.619385;23422632.000000
2264967.443301;23418577.000000
2255527.203868;23414674.000000
2256964.294286;23410750.000000
2262628.188378;23407106.000000
2271524.090114;23403651.000000
2264846.278857;23399952.000000
2263500.951589;23396620.000000
2270745.034893;23392869.000000
2264891.117042;23389341.000000
2264407.725547;23385895.000000
2262196.504905;23382287.000000
2253590.746003;23378801.000000
2256656.676112;23375101.000000
2257642.546749;23371157.000000
2261606.251446;23367324.000000
2254967.795615;23363565.000000
2245871.207017;23359266.000000
2268206.038213;23356142.000000
2261182.369780;23352410.000000
2263286.194197;23349056.000000
2258835.919782;23345427.000000
2267382.010268;23341578.000000
2257709.593788;23337477.000000
2260135.078499;23333739.000000
2262515.170821;23329953.000000
2256340.776285;23326305.000000
2246067.437236;23322196.000000
2252611.392813;23319154.000000
2247119.270297;23315452.000000
2262161.921522;23312368.000000
2257595.718055;23309053.000000
2248853.095671;23305264.000000
2253839.167400;23301396.000000
2253887.926974;23298244.000000
2253304.094376;23294673.000000
2243388.877473;23290704.000000
2252245.831343;23287118.000000
2261429.191504;23283738.000000
2257771.895965;23280378.000000
2244883.098893;23276567.000000
2249130.670674;23272779.000000
2260621.079546;23269271.000000
2244260.739410;23265372.000000
2251039.669618;23261791.000000
2249891.675880;23257998.000000
2255659.228115;23254656.000000
2253842.094355;23251303.000000
2241248.398478;23247034.000000
2260775.159865;23243456.000000
2254112.698986;23239697.000000
2240136.823538;23236144.000000
2253066.684251;23232849.000000
2254066.329362;23229258.000000
2248766.620295;23225300.000000
2239095.661199;23221301.000000
2240107.705922;23217888.000000
2255793.038712;23214317.000000
2255133.808698;23210470.000000
2233432.248901;23206618.000000
2247469.707078;23202833.000000
2254007.286742;23199180.000000
