3541492.671227;36798519.000000
3544388.400109;36794547.000000
3530712.644270;36790198.000000
3555548.689079;36785964.000000
3552977.551116;36781481.000000
3524936.581339;36776774.000000
3523111.973147;36772528.000000
3525855.979774;36768395.000000
3534585.133093;36764460.000000
3528878.249995;36759958.000000
3542486.449212;36755812.000000
3535865.037177;36751399.000000
3533089.122359;36747369.000000
3526601.477027;36743018.000000
3549465.789727;36738859.000000
3527982.307899;36734388.000000
3530633.693814;36729684.000000
3535715.207069;36725458.000000
3533214.187217;36721476.000000
3520272.470398;36716654.000000
3535625.662339;36712216.000000
3553659.850231;36708128.000000
3542438.103441;36703921.000000
3543528.418434;36699713.000000
3539213.692142;36695663.000000
3523395.962759;36691009.000000
3528993.446753;36687185.000000
3522666.784712;36683138.000000
3532123.984988;36679094.000000
3541592.536785;36675078.000000
3526676.179670;36670988.000000
3531817.840051;36667260.000000
3518962.297540;36662680.000000
3533738.369379;36658867.000000
3558785.573999;36655198.000000
3520251.981478;36650909.000000
3522718.650682;36647161.000000
3537023.811345;36642929.000000
3496692.392818;36637893.000000
3551849.941027;36634444.000000
3544754.609954;36630432.000000
3534899.236509;36626430.000000
3530903.029013;36622101.000000
3510420.941811;36617711.000000
3516898.551365;36613219.000000
3508813.151301;36608898.000000
3514683.010976;36604557.000000
3520942.063564;36600140.000000
3521147.123809;36596132.000000
3518369.127334;36591661.000000
3520789.053705;36587793.000000
3508428.119326;36583330.000000
3522638.924567;36580278.000000
3527933.829039;36575676.000000
3521335.123740;36571843.000000
3527122.310718;36567485.000000
3563154.308128;36564371.000000
3526314.068640;36560203.000000
3521230.069336;36556348.000000
3524914.044444;36552291.000000
3520882.854211;36548358.000000
3515805.099278;36543948.000000
3501128.380436;36539817.000000
3535467.115284;36536296.000000
3520837.107225;36532131.000000
3513831.251592;36527718.000000
3512775.940228;36523477.000000
3497187.662510;36519153.000000
3517120.048090;36514543.000000
3504260.507126;36509949.000000
3516462.807174;36505654.000000
3519890.587163;36501150.000000
3505177.090411;36496581.000000
3509254.611856;36492473.000000
3506863.641881;36488292.000000
3501366.625212;36483391.000000
3506257.868669;36478887.000000
3525280.176757;36475154.000000
3507318.161003;36471145.000000
3500794.749302;36466678.000000
3506558.700980;36461883.000000
3502501.801258;36457813.000000
3502993.916975;36453462.000000
3507180.482340;36449356.000000
3510375.126584;36445240.000000
3527867.984998;36441174.000000
3514209.023279;36437279.000000
3497318.293098;36432392.000000
3502527.831919;36428141.000000
3498508.322818;36424012.000000
3512625.359870;36419926.000000
3504293.728340;36415540.000000
3518624.295881;36411352.000000
3506310.971208;36407139.000000
3500481.919387;36403206.000000
3507507.349413;36399376.000000
3515377.460210;36395035.000000
3497290.120672;36391147.000000
3508055.943489;36386601.000000
3501557.361398;36382283.000000
