3637867.116091;36039254.000000
3622319.873914;36040076.000000
3644828.014885;36041035.000000
3633698.747023;36041958.000000
3626169.058136;36043135.000000
3620124.361314;36043839.000000
3623034.192684;36044737.000000
3636892.390162;36046034.000000
3631666.047952;36046742.000000
3650530.389694;36048147.000000
3635701.354213;36049118.000000
3644186.091460;36049871.000000
3652182.202061;36050890.000000
3631881.119193;36051772.000000
3635472.818816;36052489.000000
3635173.436658;36053312.000000
3632737.502349;36054181.000000
3642463.407119;36054690.000000
3617361.204222;36055568.000000
3629594.533298;36056196.000000
3617012.764568;36057058.000000
3609636.990408;36057772.000000
3635551.961968;36058622.000000
3635744.282965;36059564.000000
3632957.615700;36060771.000000
3632093.542693;36061289.000000
3635009.738673;36062044.000000
3636721.127478;36063157.000000
3632250.423681;36063911.000000
3649887.752785;36064725.000000
3639758.720990;36065564.000000
3646908.080302;36066468.000000
3657800.248584;36067512.000000
3652238.221695;36068606.000000
3638247.166684;36069324.000000
3634818.494548;36070057.000000
3614738.545790;36070838.000000
3648009.519913;36071891.000000
3619860.693196;36072019.000000
3629442.128938;36072820.000000
3632532.530728;36073688.000000
3640401.812350;36075066.000000
3629983.258490;36076174.000000
3633040.590036;36077385.000000
3655412.364173;36077979.000000
3641848.404941;36079016.000000
3623204.945210;36079863.000000
3654026.268205;36080930.000000
3655002.207456;36082354.000000
3660475.918937;36083741.000000
3629721.761245;36084455.000000
3638098.906079;36085507.000000
3655262.345896;36086471.000000
3641393.500636;36087709.000000
3618989.343969;36088627.000000
3643820.048703;36089794.000000
3646022.559169;36090808.000000
3663276.359057;36091769.000000
3654705.007401;36092963.000000
3631769.197431;36093843.000000
3639500.113182;36094625.000000
3640096.980752;36095322.000000
3641434.012505;36095937.000000
3636420.600143;36096532.000000
3652580.165542;36097612.000000
3645927.817661;36098195.000000
3646420.967223;36098908.000000
3621769.599387;36099134.000000
3652384.589140;36100136.000000
3639036.432400;36100562.000000
3654300.118549;36101689.000000
3643433.140357;36102953.000000
3650206.001347;36103558.000000
3641657.760181;36104604.000000
3637511.051315;36105592.000000
3640524.681790;36106456.000000
3661342.701147;36107508.000000
3634580.941774;36108696.000000
3664481.554476;36109951.000000
3672522.582307;36111065.000000
3649541.504396;36111779.000000
3627055.135588;36112745.000000
3641805.885565;36113768.000000
3644277.772001;36114987.000000
3621473.031444;36115347.000000
3650548.353808;36116794.000000
3650454.390499;36118007.000000
3630135.050618;36118773.000000
3655941.542423;36120055.000000
3637536.659822;36121205.000000
3645037.559041;36122021.000000
3640713.437904;36123379.000000
3647861.489749;36123791.000000
3658391.552647;36124744.000000
3627922.783323;36125383.000000
3650297.105661;36126195.000000
3648977.278997;36127004.000000
3643108.083512;36127770.000000
3666607.590000;36128406.000000
3651377.265255;36129793.000000
