2538963.258404;25853383.000000
2535072.052634;25851487.000000
2552817.013621;25849856.000000
2539900.770028;25847943.000000
2523881.096359;25845924.000000
2543385.224071;25843959.000000
2529660.566569;25841948.000000
2538815.412910;25839559.000000
2553305.427638;25837893.000000
2530686.368850;25835547.000000
2536113.914652;25833251.000000
2531003.369463;25830530.000000
2535703.749419;25828419.000000
2539142.983722;25826595.000000
2537717.602183;25824784.000000
2543282.074840;25822318.000000
2530903.150356;25820400.000000
2529282.136861;25818059.000000
2527856.157054;25816310.000000
2533989.656993;25815052.000000
2534751.738628;25813053.000000
2532737.224833;25811121.000000
2526198.499949;25808988.000000
2525500.240873;25806505.000000
2543398.830596;25805066.000000
2538990.785896;25802937.000000
2527498.522683;25800907.000000
2525160.170130;25799148.000000
2538749.179888;25797648.000000
2539099.689320;25795810.000000
2526869.643720;25793990.000000
2524093.334748;25791598.000000
2524816.571605;25789091.000000
2535355.844822;25786995.000000
2514671.679000;25785044.000000
2525977.373870;25782881.000000
2520129.935721;25780836.000000
2521967.876012;25778643.000000
2521734.395670;25776384.000000
2533631.895586;25774989.000000
2525317.172926;25772599.000000
2524768.064462;25770740.000000
2530265.565409;25768551.000000
2521616.265923;25765999.000000
2525120.551257;25763682.000000
2522987.815488;25761915.000000
2524114.873677;25759845.000000
2527086.633664;25757287.000000
2532111.945082;25755368.000000
2520654.285345;25753179.000000
2535463.803638;25751129.000000
2544671.793332;25749768.000000
2531781.666127;25747530.000000
2518866.470156;25744868.000000
2525706.412572;25742692.000000
2537484.387264;25740725.000000
2537586.916994;25738832.000000
2533733.872809;25736646.000000
2523193.516769;25734542.000000
2513240.976630;25732137.000000
2531436.089073;25730623.000000
2519341.623774;25728391.000000
2526170.332340;25726609.000000
2529799.026948;25724894.000000
2525075.007275;25722900.000000
2529677.607686;25720647.000000
2521353.898105;25718045.000000
2512107.240759;25715273.000000
2518653.601311;25712854.000000
2516582.509713;25710729.000000
2517513.368886;25708607.000000
2514604.861001;25706512.000000
2531621.062234;25704848.000000
2540804.497876;25703041.000000
2514343.320245;25701159.000000
2521505.919898;25699570.000000
2526384.528795;25697230.000000
2518860.227839;25695066.000000
2519736.316936;25692699.000000
2534862.872073;25690985.000000
2517998.375016;25689480.000000
2510375.708720;25687030.000000
2519602.054158;25685028.000000
2524582.490989;25682909.000000
2525101.486238;25680796.000000
2530726.936415;25678936.000000
2512367.735947;25676619.000000
2511555.806284;25674283.000000
2518478.869570;25671924.000000
2497272.261301;25669392.000000
2524227.323504;25667279.000000
2502152.434215;25665021.000000
2511158.933718;25662505.000000
2521293.588721;25660743.000000
2532297.737170;25658866.000000
2521935.590069;25657360.000000
2517433.433086;25654579.000000
2501826.863685;25651845.000000
2517492.505701;25650190.000000
2519485.437662;25648882.000000
