1.198558;14.000000
1.241611;4.000000
1.232046;2.000000
1.182627;11.000000
1.267815;15.000000
1.139378;6.000000
1.231245;9.000000
1.253654;13.000000
1.273599;9.000000
1.243633;13.000000
1.191875;17.000000
1.252605;2.000000
1.251731;31.000000
1.236181;15.000000
1.275093;24.000000
1.214200;20.000000
1.255069;10.000000
1.278256;22.000000
1.281501;12.000000
1.190855;26.000000
1.256666;13.000000
1.226879;39.000000
1.276873;13.000000
1.244506;18.000000
1.248723;5.000000
1.266950;6.000000
1.283537;2.000000
1.329936;15.000000
1.222297;17.000000
1.317928;14.000000
1.272313;10.000000
1.209452;17.000000
1.263594;9.000000
1.216499;8.000000
1.271005;11.000000
1.266836;19.000000
1.332930;21.000000
1.259494;28.000000
1.291916;16.000000
1.296864;18.000000
1.284825;9.000000
1.265732;12.000000
1.241233;13.000000
1.242647;12.000000
1.316782;5.000000
1.263514;3.000000
1.252230;23.000000
1.287552;17.000000
1.261113;18.000000
1.249333;19.000000
1.285193;13.000000
1.277895;17.000000
1.270096;7.000000
1.233438;28.000000
1.265536;2.000000
1.245652;13.000000
1.248273;7.000000
1.262344;5.000000
1.253895;8.000000
1.224167;10.000000
1.268198;7.000000
1.227886;12.000000
1.194659;4.000000
1.290787;24.000000
1.210440;5.000000
1.282346;33.000000
1.281418;23.000000
1.239062;18.000000
1.257041;3.000000
1.289726;18.000000
1.230256;28.000000
1.166009;34.000000
1.260808;9.000000
1.240130;16.000000
1.181125;13.000000
1.243791;8.000000
1.248913;10.000000
1.227816;12.000000
1.257763;20.000000
1.260018;30.000000
1.189663;13.000000
1.262555;25.000000
1.273040;19.000000
1.225029;6.000000
1.242877;14.000000
1.272735;6.000000
1.245904;21.000000
1.251220;5.000000
1.304792;15.000000
1.197017;26.000000
1.206454;14.000000
1.268607;19.000000
1.273840;24.000000
1.195666;16.000000
1.266821;10.000000
1.256736;5.000000
1.256632;17.000000
1.319194;7.000000
1.268303;37.000000
1.248656;8.000000
