3752455.353695;37433637.000000
3740057.699579;37433847.000000
3725265.788191;37433462.000000
3755788.638918;37433311.000000
3769477.664384;37433535.000000
3729084.655434;37433355.000000
3731679.365191;37433315.000000
3738797.271903;37433446.000000
3746904.479021;37433648.000000
3744745.506021;37433696.000000
3733390.461584;37433486.000000
3749750.593726;37432866.000000
3734177.638446;37432849.000000
3721499.168168;37432350.000000
3746840.100831;37432222.000000
3734962.384455;37431897.000000
3755904.385855;37432140.000000
3743780.690437;37432603.000000
3740933.500388;37432905.000000
3729142.044679;37432297.000000
3741753.116996;37433066.000000
3722787.659712;37433021.000000
3755178.846389;37433506.000000
3741711.503301;37433752.000000
3745388.853339;37433919.000000
3744289.178081;37433857.000000
3757871.225239;37433879.000000
3746549.884849;37433995.000000
3726106.011675;37433740.000000
3722504.332505;37432758.000000
3762818.969824;37432993.000000
3764310.785722;37433205.000000
3735028.742416;37433144.000000
3738547.905481;37432694.000000
3754020.232955;37432974.000000
3737971.445440;37433345.000000
3751967.160496;37433041.000000
3736546.513225;37433039.000000
3736598.356142;37433088.000000
3752554.574050;37432783.000000
3746889.017999;37432523.000000
3731269.881166;37432251.000000
3743880.674849;37431802.000000
3745477.860379;37431858.000000
3760649.852843;37432040.000000
3737941.646771;37432057.000000
3752633.825375;37432295.000000
3743320.541406;37432563.000000
3744181.657613;37432692.000000
3726444.623595;37432129.000000
3742310.341550;37431717.000000
3736055.788963;37431892.000000
3733181.275926;37431882.000000
3728614.200319;37431338.000000
3735028.579145;37431316.000000
3733621.006563;37430861.000000
3750924.567013;37430926.000000
3744601.225266;37430768.000000
3740596.677511;37430590.000000
3739120.669607;37430115.000000
3726457.816830;37429601.000000
3757112.453961;37429611.000000
3730435.353167;37429471.000000
3750986.293509;37429770.000000
3743068.009042;37429043.000000
3731631.789174;37428707.000000
3744708.941959;37428970.000000
3749869.779145;37429317.000000
3755401.253866;37429511.000000
3758496.157362;37429219.000000
3717785.600679;37428350.000000
3732129.667155;37428429.000000
3736931.745163;37428085.000000
3747887.176426;37428273.000000
3738498.564352;37427704.000000
3757145.659054;37427872.000000
3756040.873232;37428016.000000
3746871.871049;37428432.000000
3747529.160997;37428728.000000
3749452.099957;37428767.000000
3733891.359460;37428738.000000
3727210.733474;37428933.000000
3735686.285333;37428958.000000
3770301.712916;37429488.000000
3744516.928172;37429169.000000
3732631.953070;37429213.000000
3744123.191437;37429408.000000
3726597.527730;37428904.000000
3743081.592186;37429027.000000
3751378.562037;37429469.000000
3755265.538567;37429355.000000
3753770.270773;37429139.000000
3747687.091422;37429528.000000
3727764.592551;37429320.000000
3737600.493374;37429808.000000
3753486.015296;37429753.000000
3729338.643653;37429274.000000
3748040.679834;37429644.000000
3757897.114211;37429591.000000
3748685.331899;37429926.000000
