3292580.331116;32172198.000000
3280972.019654;32174638.000000
3291338.646045;32176907.000000
3292980.770834;32179705.000000
3292597.931383;32182398.000000
3281874.838091;32184775.000000
3277541.623269;32187077.000000
3292688.582881;32189362.000000
3305695.180865;32191718.000000
3296023.768854;32194596.000000
3294693.226079;32197325.000000
3290397.839823;32199948.000000
3306706.061971;32202462.000000
3300091.499034;32204910.000000
3315687.883196;32207331.000000
3289884.010817;32209495.000000
3307687.401450;32212446.000000
3324123.968656;32215044.000000
3315691.880880;32217993.000000
3299121.310183;32220724.000000
3287738.021322;32222475.000000
3296875.684615;32225072.000000
3287743.987896;32227466.000000
3299549.022823;32230153.000000
3299063.287352;32232824.000000
3289135.387043;32234909.000000
3316872.148575;32238256.000000
3312318.417359;32241565.000000
3306339.444169;32244796.000000
3306429.648603;32248010.000000
3315775.771761;32250785.000000
3313045.476310;32253246.000000
3308511.693906;32255789.000000
3310647.518865;32258635.000000
3303883.772277;32261281.000000
3293446.395330;32263761.000000
3310265.072692;32266192.000000
3302415.903266;32268746.000000
3301648.102396;32270885.000000
3303453.949534;32273067.000000
3311840.012144;32276260.000000
3321060.534648;32279214.000000
3318838.290307;32281982.000000
3298269.351603;32284338.000000
3318649.823159;32287402.000000
3310297.135053;32290555.000000
3302001.945501;32292742.000000
3317962.006686;32295455.000000
3302037.749297;32298284.000000
3305530.617943;32300929.000000
3312229.637724;32303334.000000
3314812.608466;32306015.000000
3319937.946251;32309108.000000
3322638.531032;32311770.000000
3338847.367460;32314761.000000
3312415.602776;32317560.000000
3314323.690481;32320115.000000
3328743.957755;32323231.000000
3319960.608993;32326180.000000
3312459.728925;32328704.000000
3298010.512621;32330924.000000
3317198.871586;32333371.000000
3320365.046696;32336352.000000
3312006.604789;32338739.000000
3324208.043072;32341192.000000
3317651.225532;32344136.000000
3313663.863128;32346877.000000
3324530.049913;32349449.000000
3311122.819403;32352585.000000
3325804.175272;32355460.000000
3316528.357251;32358052.000000
3298003.622030;32360483.000000
3334976.629203;32363920.000000
3317668.658615;32366277.000000
3315627.619168;32368778.000000
3295916.943911;32370871.000000
3329539.771762;32373889.000000
3331368.579734;32377098.000000
3316437.319650;32379619.000000
3316075.431305;32381906.000000
3313377.378073;32384093.000000
3308467.873017;32386415.000000
3313474.923026;32388779.000000
3325918.480681;32391417.000000
3318135.738303;32393934.000000
3306214.410712;32396404.000000
3309973.750816;32398833.000000
3309675.983544;32401863.000000
3325073.897692;32404673.000000
3336729.008325;32408071.000000
3321038.480552;32410432.000000
3329379.818683;32413013.000000
3316394.782214;32415659.000000
3333165.913379;32418024.000000
3297255.849728;32420004.000000
3337315.957219;32422529.000000
3322116.376815;32424702.000000
3326764.319909;32427087.000000
3340725.313449;32429603.000000
3326437.144556;32432167.000000
