715739.679449;7614543.000000
715388.968677;7607791.000000
713194.643367;7600812.000000
715989.543544;7593892.000000
716335.625484;7586702.000000
710027.461256;7579457.000000
707633.270542;7572192.000000
714475.039995;7565576.000000
708201.944776;7558505.000000
708699.842217;7551712.000000
709628.535680;7544618.000000
707433.860063;7537787.000000
709209.523820;7530639.000000
707628.148396;7523882.000000
709112.145767;7517454.000000
705096.380079;7510808.000000
702970.205819;7503385.000000
702133.379368;7496097.000000
698256.944024;7488544.000000
698287.347376;7480727.000000
702136.841492;7473724.000000
699818.717432;7466264.000000
699888.562186;7459031.000000
699332.035368;7452077.000000
699892.355377;7445033.000000
699002.446280;7437476.000000
696605.402490;7430269.000000
698843.283647;7422975.000000
695378.164753;7416196.000000
693644.013873;7408960.000000
693980.262422;7401648.000000
695124.988923;7394782.000000
693129.854257;7387672.000000
695033.465224;7381054.000000
693873.096692;7374201.000000
694523.228255;7367756.000000
693135.076963;7360747.000000
692746.983045;7353752.000000
690965.636672;7347096.000000
692242.599271;7340645.000000
688296.631161;7333872.000000
686794.919514;7326606.000000
691109.564057;7319853.000000
685394.033808;7312662.000000
689288.915113;7305343.000000
685152.757805;7298181.000000
690355.524606;7291470.000000
682818.141449;7284677.000000
685313.586940;7278071.000000
686144.281788;7271481.000000
682975.494663;7264724.000000
683554.362975;7258404.000000
679519.049928;7251255.000000
681789.788759;7244143.000000
677969.840404;7237356.000000
681587.741557;7230741.000000
682367.922825;7224099.000000
678894.118045;7217068.000000
680612.992549;7210554.000000
675805.685913;7203385.000000
677416.268932;7196442.000000
675827.201886;7189444.000000
673814.365932;7182665.000000
673143.202748;7175785.000000
672325.991825;7169103.000000
672825.841212;7162231.000000
671041.064078;7155590.000000
669649.254600;7147935.000000
669133.494877;7140924.000000
671999.418914;7134218.000000
669865.009298;7127273.000000
668763.200282;7119940.000000
668624.047191;7113035.000000
668525.083927;7105681.000000
665159.939907;7098622.000000
669134.913166;7091935.000000
663529.726480;7084506.000000
665303.854149;7077643.000000
663958.514524;7070757.000000
662769.638498;7063821.000000
662203.631102;7056829.000000
662874.007082;7049644.000000
662106.981991;7042218.000000
659158.562061;7035073.000000
659846.851745;7027946.000000
662506.218416;7021574.000000
658682.876069;7014668.000000
661751.284100;7007740.000000
659885.920848;7000730.000000
659931.936470;6994115.000000
657682.909085;6986791.000000
654754.252052;6979764.000000
656023.175317;6972831.000000
656141.852436;6965728.000000
652683.121596;6959045.000000
657631.514386;6952297.000000
651823.623333;6944693.000000
653341.242033;6937730.000000
653470.675641;6930614.000000
646832.978609;6923506.000000
