2678806.749615;27157155.000000
2670612.424695;27155623.000000
2692099.739202;27154430.000000
2684565.868843;27153157.000000
2669229.337772;27151859.000000
2663619.221489;27149784.000000
2672548.345070;27148463.000000
2665699.505617;27146744.000000
2681419.126565;27145429.000000
2680754.659489;27144013.000000
2673981.698024;27142288.000000
2673173.790022;27140135.000000
2684629.046475;27138702.000000
2674412.901729;27136966.000000
2677528.080370;27135707.000000
2669625.689858;27133837.000000
2667042.449891;27132095.000000
2679408.795571;27130554.000000
2668559.228623;27128835.000000
2684626.899544;27127628.000000
2679796.874717;27126420.000000
2676529.749007;27124761.000000
2679580.153692;27123808.000000
2659423.493715;27122404.000000
2682502.714590;27121132.000000
2673909.364336;27119645.000000
2680869.338499;27118431.000000
2668629.194443;27117333.000000
2673355.690632;27115792.000000
2674296.261045;27114044.000000
2667705.341019;27112098.000000
2674313.043346;27110512.000000
2665555.165479;27108490.000000
2667441.745668;27106308.000000
2665392.108641;27104734.000000
2675490.689829;27103335.000000
2655295.596519;27101402.000000
2677971.369321;27100094.000000
2684418.546417;27098727.000000
2675418.287680;27097422.000000
2665666.645463;27096088.000000
2674587.631817;27094066.000000
2671369.210851;27092951.000000
2673680.087247;27091181.000000
2663133.143695;27089703.000000
2662405.244974;27087468.000000
2667168.605585;27085952.000000
2670859.088293;27084414.000000
2662660.937565;27082699.000000
2663603.692613;27081002.000000
2668746.331652;27079018.000000
2676331.379897;27077894.000000
2671029.277519;27075987.000000
2673104.426410;27074647.000000
2676503.861639;27073513.000000
2672771.878967;27072148.000000
2672664.966712;27071134.000000
2669247.683567;27069571.000000
2663980.114797;27067947.000000
2674374.543739;27066985.000000
2664157.130066;27064954.000000
2669151.889216;27063714.000000
2675456.141117;27062684.000000
2660432.542723;27060894.000000
2669898.702852;27059869.000000
2678682.816326;27058366.000000
2667639.238095;27056986.000000
2657057.245537;27055078.000000
2661133.595837;27053198.000000
2669442.264914;27051601.000000
2672957.631813;27050349.000000
2665740.741116;27049151.000000
2681700.793228;27047566.000000
2670083.369075;27045498.000000
2671278.276402;27044183.000000
2665980.566584;27042342.000000
2650622.864676;27040570.000000
2668358.864027;27038873.000000
2667367.814674;27037279.000000
2686789.259071;27036188.000000
2667031.282439;27034696.000000
2667144.022888;27033159.000000
2657457.908432;27031723.000000
2676117.674959;27030848.000000
2668222.810455;27029382.000000
2672713.514824;27028554.000000
2677354.168725;27027412.000000
2661893.246210;27026024.000000
2671841.476067;27024445.000000
2662539.624272;27022793.000000
2671862.222859;27021652.000000
2674154.976150;27020658.000000
2665498.328467;27019026.000000
2661779.626349;27017250.000000
2662013.948187;27015912.000000
2681167.964651;27014446.000000
2673264.332810;27013069.000000
2662462.535078;27011196.000000
2667340.182279;27009918.000000
2664669.150106;27008288.000000
