1.177368;14.000000
1.226784;5.000000
1.236706;6.000000
1.229161;1.000000
1.257749;7.000000
1.226218;22.000000
1.125268;6.000000
1.181785;12.000000
1.193045;17.000000
1.252086;14.000000
1.197607;9.000000
1.251866;13.000000
1.207436;12.000000
1.248419;16.000000
1.227742;13.000000
1.218212;18.000000
1.272653;23.000000
1.292962;2.000000
1.196039;9.000000
1.305129;17.000000
1.188633;12.000000
1.125662;17.000000
1.260062;27.000000
1.184520;2.000000
1.186689;39.000000
1.237978;19.000000
1.264719;14.000000
1.237861;19.000000
1.217800;5.000000
1.253006;21.000000
1.235212;8.000000
1.286800;9.000000
1.202197;12.000000
1.228011;11.000000
1.260812;16.000000
1.299250;24.000000
1.304124;7.000000
1.230405;35.000000
1.201484;13.000000
1.236304;13.000000
1.274874;7.000000
1.232839;10.000000
1.218467;22.000000
1.213522;4.000000
1.235122;8.000000
1.239609;11.000000
1.272360;18.000000
1.257287;11.000000
1.237045;27.000000
1.221944;12.000000
1.287489;13.000000
1.245769;22.000000
1.249355;16.000000
1.239366;20.000000
1.228618;17.000000
1.287267;16.000000
1.203634;2.000000
1.204497;1.000000
1.272956;18.000000
1.216000;10.000000
1.238571;11.000000
1.366511;6.000000
1.198183;6.000000
1.204613;19.000000
1.278578;5.000000
1.229872;15.000000
1.237213;15.000000
1.231070;9.000000
1.224125;9.000000
1.225694;16.000000
1.209766;24.000000
1.319293;7.000000
1.200225;9.000000
1.231430;48.000000
1.267669;7.000000
1.217386;22.000000
1.245948;32.000000
1.252678;12.000000
1.244264;8.000000
1.227386;5.000000
1.301559;9.000000
1.232480;14.000000
1.259403;17.000000
1.246818;9.000000
1.231116;27.000000
1.301383;3.000000
1.248938;7.000000
1.253710;30.000000
1.291916;18.000000
1.279216;19.000000
1.233922;15.000000
1.233121;9.000000
1.243255;12.000000
1.250821;5.000000
1.228012;7.000000
1.226671;17.000000
1.160017;14.000000
1.204467;2.000000
1.251919;15.000000
1.257757;12.000000
