1.301954;16.000000
1.362800;6.000000
1.367698;8.000000
1.352505;32.000000
1.363274;7.000000
1.379478;9.000000
1.472408;10.000000
1.385167;10.000000
1.503246;11.000000
1.347922;22.000000
1.376438;13.000000
1.345598;22.000000
1.297208;6.000000
1.427222;4.000000
1.402098;9.000000
1.349073;12.000000
1.581469;21.000000
1.496328;8.000000
1.388668;17.000000
1.261934;9.000000
1.392293;4.000000
1.420791;10.000000
1.375088;18.000000
1.431547;14.000000
1.424848;9.000000
1.359799;16.000000
1.383930;10.000000
1.370862;22.000000
1.316075;3.000000
1.346544;15.000000
1.345982;14.000000
1.355847;8.000000
1.381921;12.000000
1.283353;16.000000
1.361099;23.000000
1.378781;29.000000
1.400071;14.000000
1.533178;8.000000
1.320847;13.000000
1.405256;29.000000
1.450111;1.000000
1.283055;33.000000
1.401384;17.000000
1.340530;5.000000
1.353358;20.000000
1.411452;14.000000
1.439039;7.000000
1.467932;9.000000
1.375533;13.000000
1.315431;29.000000
1.354823;38.000000
1.346734;37.000000
1.369319;8.000000
1.386274;29.000000
1.343013;6.000000
1.444243;28.000000
1.375770;3.000000
1.366649;18.000000
1.424396;8.000000
1.366933;12.000000
1.302416;22.000000
1.254706;13.000000
1.460423;5.000000
1.413816;28.000000
1.307672;4.000000
1.327912;14.000000
1.407502;2.000000
1.464584;2.000000
1.373309;21.000000
1.289403;5.000000
1.342259;11.000000
1.435708;16.000000
1.330723;9.000000
1.313616;10.000000
1.401688;25.000000
1.410409;21.000000
1.353133;23.000000
1.455157;16.000000
1.316262;19.000000
1.361212;11.000000
1.332962;13.000000
1.370136;9.000000
1.272902;16.000000
1.367112;13.000000
1.317451;21.000000
1.357762;17.000000
1.400013;10.000000
1.448858;24.000000
1.373854;6.000000
1.387443;5.000000
1.303564;15.000000
1.354323;6.000000
1.280168;13.000000
1.390663;20.000000
1.448037;14.000000
1.353836;5.000000
1.362968;2.000000
1.356916;4.000000
1.386692;21.000000
1.373348;18.000000
