3441323.971713;35548007.000000
3433759.238911;35544416.000000
3462183.961888;35541324.000000
3438763.515134;35537686.000000
3428170.296165;35534347.000000
3442033.474720;35530541.000000
3436566.379637;35527203.000000
3433733.759042;35523772.000000
3461400.066160;35520556.000000
3446232.654102;35517046.000000
3440346.392672;35513420.000000
3426430.929822;35509881.000000
3432443.051897;35506143.000000
3436754.935440;35502725.000000
3433177.080956;35498974.000000
3411989.282281;35495080.000000
3445437.802066;35491302.000000
3438513.483108;35487883.000000
3425128.833819;35484498.000000
3433540.534743;35480603.000000
3432125.976414;35477048.000000
3454934.901908;35473799.000000
3438423.707988;35470317.000000
3419789.568240;35466385.000000
3438748.950159;35462737.000000
3412876.805186;35459041.000000
3418313.640048;35455347.000000
3436663.877855;35451346.000000
3454836.602617;35448394.000000
3430689.803863;35444962.000000
3426897.250393;35441356.000000
3429060.191991;35437381.000000
3448020.189429;35434126.000000
3424972.574248;35430681.000000
3431942.680561;35427006.000000
3436353.133397;35423019.000000
3429128.516039;35419482.000000
3419371.567708;35416063.000000
3431365.236841;35412818.000000
3448151.455316;35409793.000000
3432331.546870;35406343.000000
3444480.424578;35403107.000000
3440223.248004;35399498.000000
3422975.277191;35395892.000000
3429616.751790;35392596.000000
3442104.924854;35389666.000000
3423413.425972;35385763.000000
3413731.094696;35382091.000000
3423533.541308;35378554.000000
3423385.127135;35375198.000000
3422282.309189;35371835.000000
3416473.410262;35367800.000000
3432256.836636;35364248.000000
3407873.020532;35360596.000000
3409932.368268;35357040.000000
3424587.919795;35353782.000000
3434431.137411;35350371.000000
3437335.703038;35346767.000000
3416271.558155;35342983.000000
3431313.090763;35339568.000000
3419940.409665;35335603.000000
3425785.188993;35332235.000000
3400233.026888;35328290.000000
3413351.626508;35325031.000000
3415917.600573;35321560.000000
3430291.591484;35317931.000000
3410327.629577;35314357.000000
3412129.404678;35310697.000000
3406176.309366;35307260.000000
3409940.145887;35303822.000000
3430552.556246;35300296.000000
3423161.673978;35296691.000000
3439828.142958;35293715.000000
3416391.325231;35289816.000000
3396421.069202;35286148.000000
3414329.066044;35282456.000000
3422855.321070;35278417.000000
3409929.779995;35274890.000000
3410189.780244;35271600.000000
3409569.249953;35267811.000000
3417789.130070;35264281.000000
3410588.094848;35260429.000000
3421110.600571;35256672.000000
3401248.283039;35252864.000000
3410394.802678;35249196.000000
3430727.897329;35246310.000000
3413308.139731;35242310.000000
3419998.723051;35238332.000000
3422848.893919;35234960.000000
3404759.734884;35231517.000000
3417576.582786;35227944.000000
3402759.521707;35224518.000000
3406437.506103;35220624.000000
3406979.813949;35216991.000000
3422255.891190;35214151.000000
3413868.741744;35210751.000000
3429006.810602;35207795.000000
3418760.133409;35204306.000000
3388502.864477;35200762.000000
3416099.893360;35197595.000000
