3179293.265567;30280283.000000
3178856.585867;30285770.000000
3164335.150925;30290561.000000
3182503.928125;30295856.000000
3187049.007269;30300897.000000
3182039.865083;30306228.000000
3175568.406056;30311402.000000
3167538.836355;30316084.000000
3184665.949224;30321146.000000
3190369.809168;30326428.000000
3189329.961694;30331799.000000
3176379.339043;30336595.000000
3191742.815917;30341899.000000
3170589.773491;30346699.000000
3178945.821687;30351945.000000
3188372.869214;30357056.000000
3201016.444472;30362022.000000
3196731.537328;30366908.000000
3175612.877817;30372263.000000
3184053.384522;30377479.000000
3212050.257567;30382912.000000
3196975.463977;30387795.000000
3195176.552021;30392457.000000
3183936.003595;30397613.000000
3178762.901352;30402488.000000
3210830.719632;30407992.000000
3202712.064648;30412931.000000
3187742.509114;30418392.000000
3197629.871563;30423827.000000
3207032.571729;30429275.000000
3205236.999281;30434677.000000
3203386.118027;30439597.000000
3208484.083803;30445332.000000
3183883.801612;30449868.000000
3204583.716987;30455360.000000
3192467.539872;30460655.000000
3219173.564351;30466272.000000
3193923.045586;30471409.000000
3193499.972759;30476470.000000
3198605.356557;30481739.000000
3187648.686580;30486631.000000
3195811.090700;30491610.000000
3210698.828375;30496843.000000
3208929.482541;30501538.000000
3194617.296970;30506413.000000
3194037.571234;30511381.000000
3203015.736527;30516015.000000
3220138.020291;30521671.000000
3199154.046999;30526914.000000
3199237.190685;30532010.000000
3210246.840139;30537227.000000
3202270.419918;30542252.000000
3193782.126788;30547106.000000
3211011.232139;30552575.000000
3203982.563029;30557602.000000
3205428.423334;30562654.000000
3214757.124969;30567540.000000
3234311.402029;30573100.000000
3219059.701286;30578561.000000
3221895.162736;30583814.000000
3206117.302979;30588925.000000
3202952.016743;30593901.000000
3206035.983844;30598363.000000
3214180.299001;30603475.000000
3221692.647737;30609071.000000
3216631.755411;30614052.000000
3208335.906755;30618971.000000
3205429.980735;30624576.000000
3191437.810286;30629368.000000
3209822.475701;30634086.000000
3222563.761851;30639056.000000
3217099.487418;30644474.000000
3218364.996613;30649665.000000
3199405.004832;30654149.000000
3222259.135097;30659060.000000
3228542.730925;30663912.000000
3201879.067290;30668224.000000
3224138.978547;30673278.000000
3232754.577329;30678902.000000
3222514.025889;30684001.000000
3221379.019907;30688910.000000
3228206.005042;30693976.000000
3220121.684009;30699411.000000
3235557.059083;30704474.000000
3215940.210715;30709625.000000
3219910.949490;30715049.000000
3215267.560569;30719570.000000
3235580.782159;30724871.000000
3218824.297947;30729588.000000
3220676.732682;30734641.000000
3230443.935001;30740064.000000
3216442.073567;30744938.000000
3228203.487994;30750375.000000
3223449.730198;30755481.000000
3211898.611451;30760818.000000
3237416.939027;30766204.000000
3223661.041765;30771370.000000
3231285.916851;30776791.000000
3241892.097316;30782239.000000
3214050.094231;30786578.000000
