3273635.281891;33464161.000000
3257234.067243;33461461.000000
3251793.163507;33458514.000000
3268870.050100;33455406.000000
3271404.387703;33452979.000000
3263946.929194;33450064.000000
3265532.061877;33447659.000000
3252226.316006;33445140.000000
3252916.675660;33442732.000000
3258364.595133;33439909.000000
3268369.910622;33437207.000000
3246700.655448;33433589.000000
3268167.426138;33430924.000000
3268406.037407;33428485.000000
3266538.326013;33426465.000000
3270609.662257;33423928.000000
3251957.512615;33421089.000000
3277847.994032;33418731.000000
3259935.339603;33415568.000000
3260796.170513;33412738.000000
3274869.346982;33410278.000000
3256373.888414;33407576.000000
3248926.462727;33404878.000000
3253649.488465;33402366.000000
3247128.115632;33399553.000000
3258387.658715;33396962.000000
3267347.146535;33394317.000000
3256677.061256;33391863.000000
3238624.270227;33389195.000000
3234839.845343;33386135.000000
3274307.682536;33383485.000000
3265466.252998;33380669.000000
3261643.097854;33378171.000000
3262765.249103;33375766.000000
3257097.200373;33373941.000000
3273979.672225;33371642.000000
3247487.970950;33369004.000000
3274799.451031;33366952.000000
3255987.946699;33364435.000000
3258422.687916;33361931.000000
3257743.974687;33358728.000000
3255158.519815;33355953.000000
3245618.589246;33353231.000000
3259616.640251;33350795.000000
3244394.430885;33347913.000000
3240837.689021;33345282.000000
3252111.739576;33342607.000000
3253059.064225;33339808.000000
3239390.819640;33337199.000000
3245702.567747;33334458.000000
3248367.736892;33331155.000000
3251738.392313;33328571.000000
3236996.372905;33325388.000000
3265387.170951;33322709.000000
3260829.451653;33319708.000000
3235672.793350;33316921.000000
3256769.490230;33314623.000000
3257117.735755;33311449.000000
3243302.023778;33308371.000000
3252503.849748;33305813.000000
3253929.708195;33303194.000000
3242127.830652;33300444.000000
3236811.964127;33297590.000000
3254488.523586;33295553.000000
3241676.804080;33292865.000000
3247638.562937;33290341.000000
3251646.448357;33288020.000000
3253673.480880;33285687.000000
3266885.154590;33282913.000000
3243474.605906;33280116.000000
3251712.197822;33277649.000000
3241306.299482;33275021.000000
3237721.602229;33271889.000000
3247787.173648;33269192.000000
3260620.271279;33266938.000000
3241853.085677;33264111.000000
3231313.975358;33261284.000000
3233045.481068;33258666.000000
3228357.584497;33255394.000000
3236213.081324;33252921.000000
3251361.339892;33250310.000000
3232660.862299;33247843.000000
3239048.397138;33245229.000000
3237970.424081;33242650.000000
3220760.541760;33239446.000000
3255360.916510;33237115.000000
3247930.958640;33234596.000000
3259522.138042;33232232.000000
3236383.650077;33229388.000000
3230518.549407;33226475.000000
3246158.163370;33223912.000000
3249134.146167;33220910.000000
3227180.989051;33217860.000000
3227399.387486;33214770.000000
3225387.106798;33211896.000000
3250507.606722;33209420.000000
3255069.951462;33207099.000000
3221868.172912;33203798.000000
3240834.529151;33200956.000000
3237462.409712;33198315.000000
