3213177.795130;33194521.000000
3202231.367143;33190790.000000
3221170.202427;33187303.000000
3212313.358537;33183698.000000
3190006.908157;33179937.000000
3208044.949743;33175921.000000
3208375.547048;33172667.000000
3213377.024224;33169264.000000
3208813.113592;33165558.000000
3201980.288149;33161546.000000
3210547.794806;33157683.000000
3218238.535439;33153774.000000
3201136.815010;33149808.000000
3202377.229436;33145722.000000
3196591.495399;33142207.000000
3204365.623348;33138270.000000
3195745.069624;33134234.000000
3210728.702822;33130661.000000
3201585.282826;33127239.000000
3192071.305041;33123460.000000
3194380.836685;33119196.000000
3197019.663250;33116106.000000
3197507.386351;33112960.000000
3189939.294507;33109259.000000
3207515.733663;33105739.000000
3200374.767274;33101890.000000
3214380.720981;33098370.000000
3189279.604705;33094806.000000
3205190.937837;33091171.000000
3192820.844734;33087214.000000
3200054.845275;33084086.000000
3186366.879978;33080427.000000
3216553.973021;33077028.000000
3196245.434394;33073158.000000
3197338.592639;33069454.000000
3194542.534522;33065337.000000
3186499.226243;33061406.000000
3178968.237404;33057142.000000
3187030.658435;33053438.000000
3205246.074882;33049825.000000
3192728.369977;33046404.000000
3196745.930442;33042928.000000
3205034.675342;33039390.000000
3176450.507254;33035073.000000
3200787.826509;33031503.000000
3182732.037455;33027830.000000
3185228.685056;33023803.000000
3185097.997520;33020568.000000
3188847.160970;33016641.000000
3193686.719735;33012924.000000
3188021.186709;33008961.000000
3169297.226931;33004840.000000
3187697.856967;33001143.000000
3197906.945156;32997616.000000
3183069.088202;32993817.000000
3196211.780744;32989979.000000
3209664.556421;32986992.000000
3195940.860543;32983115.000000
3188194.574518;32979103.000000
3181597.985514;32974968.000000
3188227.972563;32970983.000000
3192522.734859;32967404.000000
3182550.896462;32963857.000000
3182819.453123;32960269.000000
3184480.229868;32956383.000000
3198040.446716;32953020.000000
3188614.814458;32949757.000000
3181517.638822;32946310.000000
3178237.016060;32942258.000000
3187728.031675;32938644.000000
3192603.374626;32934746.000000
3174806.288681;32931129.000000
3184289.074612;32927281.000000
3176908.922874;32923810.000000
3179232.117643;32919981.000000
3184611.703155;32916689.000000
3171103.543457;32912482.000000
3168546.396022;32908210.000000
3181982.043677;32904846.000000
3177048.376670;32900819.000000
3186418.935095;32897021.000000
3166765.629449;32893115.000000
3165720.864958;32889056.000000
3186974.424811;32885472.000000
3196768.731475;32881796.000000
3186386.897213;32878248.000000
3175539.957555;32874168.000000
3178558.904147;32870131.000000
3176014.250066;32866011.000000
3177492.545993;32862166.000000
3168349.346976;32858816.000000
3184700.291053;32855145.000000
3175594.840324;32851640.000000
3158273.531589;32847323.000000
3179620.409906;32843701.000000
3177227.809755;32840279.000000
3187758.704562;32836711.000000
3161483.482152;32832507.000000
3179947.940357;32829168.000000
3182365.570037;32825618.000000
