3304177.333054;32647475.000000
3283583.562512;32648431.000000
3302509.749247;32649481.000000
3298141.460227;32650689.000000
3309045.081682;32651672.000000
3279679.867234;32652384.000000
3296284.671947;32653719.000000
3312831.858851;32654911.000000
3309261.441549;32655894.000000
3302081.379484;32657035.000000
3288182.029440;32657246.000000
3305260.461430;32658285.000000
3290321.843061;32659172.000000
3312280.681909;32660218.000000
3285934.552310;32660775.000000
3302441.198204;32662034.000000
3320237.408434;32663080.000000
3315472.551397;32664530.000000
3318836.688490;32665879.000000
3288433.802156;32666916.000000
3304628.094694;32668419.000000
3291820.300879;32669378.000000
3300735.892085;32670646.000000
3296971.780823;32671504.000000
3301539.885049;32672746.000000
3302572.638823;32673497.000000
3315789.622665;32674523.000000
3294471.952302;32675782.000000
3307856.210422;32677102.000000
3279547.392052;32678253.000000
3307168.227607;32679841.000000
3333408.858963;32681494.000000
3297848.717693;32682278.000000
3310443.570357;32683432.000000
3307607.252730;32684615.000000
3300604.090037;32685241.000000
3311092.468001;32686641.000000
3298063.022686;32687817.000000
3307096.828458;32689359.000000
3295683.996664;32690315.000000
3295143.441414;32691109.000000
3304789.381465;32692229.000000
3296706.264680;32693601.000000
3309662.735840;32694681.000000
3297263.192658;32695824.000000
3291799.557007;32696848.000000
3322714.314729;32698057.000000
3305236.214735;32699266.000000
3309073.908790;32700326.000000
3290179.760204;32700996.000000
3297043.817080;32701967.000000
3298579.901620;32702866.000000
3307614.503559;32704635.000000
3301848.991621;32705291.000000
3286593.572037;32706569.000000
3283555.344134;32707603.000000
3299015.193329;32708476.000000
3299123.453144;32709313.000000
3293143.914647;32710433.000000
3316030.559072;32711591.000000
3302123.137092;32713013.000000
3293928.996844;32713886.000000
3326201.709849;32715526.000000
3295277.234451;32716249.000000
3290009.666982;32716690.000000
3297645.939093;32717801.000000
3316301.626901;32719249.000000
3284620.054806;32719774.000000
3293777.704862;32720448.000000
3298146.568929;32721404.000000
3289717.361203;32722288.000000
3291242.499548;32723315.000000
3300143.097439;32724102.000000
3321171.983257;32725414.000000
3299684.496930;32726805.000000
3304174.221791;32727867.000000
3305496.949515;32729067.000000
3297296.884570;32729821.000000
3305565.223930;32730786.000000
3318469.009797;32731817.000000
3315306.498282;32733507.000000
3312866.051093;32734068.000000
3308983.702005;32735563.000000
3313964.332914;32736505.000000
3287303.368385;32737059.000000
3280589.889863;32737449.000000
3313948.840383;32738361.000000
3313763.809378;32740294.000000
3296195.009930;32740849.000000
3311069.978076;32742262.000000
3286852.638692;32742873.000000
3316308.102930;32744098.000000
3317486.070126;32745455.000000
3323358.395119;32746933.000000
3306264.191671;32747746.000000
3290637.709106;32748795.000000
3317131.814744;32749990.000000
3303840.301608;32750417.000000
3307285.606682;32751032.000000
3294148.058965;32751796.000000
