1.280676;19.000000
1.320353;17.000000
1.325733;30.000000
1.397393;38.000000
1.394804;5.000000
1.297232;13.000000
1.400411;9.000000
1.360420;10.000000
1.317550;9.000000
1.402714;15.000000
1.307408;15.000000
1.367328;11.000000
1.360909;7.000000
1.357458;8.000000
1.332871;21.000000
1.364920;5.000000
1.395828;51.000000
1.445110;35.000000
1.366501;14.000000
1.393436;9.000000
1.351424;36.000000
1.367477;11.000000
1.416306;24.000000
1.340371;9.000000
1.301573;13.000000
1.359213;21.000000
1.374693;10.000000
1.272821;20.000000
1.321952;12.000000
1.352038;18.000000
1.395208;24.000000
1.378340;21.000000
1.396432;14.000000
1.312158;17.000000
1.364661;14.000000
1.296954;23.000000
1.403523;25.000000
1.375875;28.000000
1.265342;28.000000
1.313762;25.000000
1.390207;26.000000
1.355460;11.000000
1.362071;10.000000
1.439359;7.000000
1.289582;33.000000
1.302700;12.000000
1.445778;8.000000
1.307107;3.000000
1.430534;24.000000
1.423782;23.000000
1.411428;17.000000
1.328441;30.000000
1.421872;11.000000
1.303525;8.000000
1.403070;2.000000
1.428505;12.000000
1.438266;23.000000
1.306873;5.000000
1.398424;5.000000
1.360108;4.000000
1.396420;8.000000
1.437086;19.000000
1.372045;27.000000
1.391818;20.000000
1.411829;34.000000
1.355824;9.000000
1.363261;16.000000
1.434791;18.000000
1.340482;23.000000
1.272853;14.000000
1.304822;31.000000
1.423140;20.000000
1.357336;3.000000
1.439315;9.000000
1.383523;15.000000
1.320197;33.000000
1.459379;2.000000
1.311386;5.000000
1.335971;21.000000
1.431841;20.000000
1.408806;33.000000
1.326296;19.000000
1.324452;12.000000
1.345736;20.000000
1.280192;12.000000
1.350282;9.000000
1.354886;23.000000
1.401984;14.000000
1.406363;10.000000
1.304849;4.000000
1.376488;10.000000
1.434088;30.000000
1.451753;25.000000
1.329091;19.000000
1.334828;29.000000
1.365653;5.000000
1.340165;20.000000
1.340237;15.000000
1.387455;4.000000
1.476457;8.000000
