1.106018;10.000000
1.178281;6.000000
1.208202;23.000000
1.166222;4.000000
1.201143;13.000000
1.139728;10.000000
1.185189;3.000000
1.171922;5.000000
1.177365;8.000000
1.155107;21.000000
1.192339;13.000000
1.153482;18.000000
1.177098;11.000000
1.154035;20.000000
1.201793;8.000000
1.148255;3.000000
1.129210;55.000000
1.227607;6.000000
1.213318;4.000000
1.161470;13.000000
1.211166;11.000000
1.165386;1.000000
1.177144;30.000000
1.137255;10.000000
1.180585;24.000000
1.210225;6.000000
1.128615;8.000000
1.220281;8.000000
1.156515;1.000000
1.142159;4.000000
1.155989;13.000000
1.126236;7.000000
1.148799;12.000000
1.152395;16.000000
1.201081;10.000000
1.165312;2.000000
1.120304;14.000000
1.194184;9.000000
1.139055;5.000000
1.129686;7.000000
1.154376;13.000000
1.130164;11.000000
1.163416;12.000000
1.122051;14.000000
1.189025;22.000000
1.164357;12.000000
1.146605;7.000000
1.139820;15.000000
1.185855;16.000000
1.212838;15.000000
1.109142;9.000000
1.159109;5.000000
1.174156;11.000000
1.158053;13.000000
1.199132;4.000000
1.152530;9.000000
1.181926;6.000000
1.173727;8.000000
1.129408;3.000000
1.155317;22.000000
1.155718;5.000000
1.144845;9.000000
1.164331;2.000000
1.174917;6.000000
1.183565;10.000000
1.152352;11.000000
1.085189;5.000000
1.145186;4.000000
1.142151;19.000000
1.166940;20.000000
1.128343;24.000000
1.168378;9.000000
1.177620;10.000000
1.161466;6.000000
1.217808;16.000000
1.144886;1.000000
1.194408;20.000000
1.196349;24.000000
1.159846;11.000000
1.103419;13.000000
1.157510;15.000000
1.149582;27.000000
1.174282;7.000000
1.158971;4.000000
1.160686;14.000000
1.164719;5.000000
1.150366;17.000000
1.084850;12.000000
1.176236;13.000000
1.191096;7.000000
1.097279;2.000000
1.112341;11.000000
1.177689;7.000000
1.166765;9.000000
1.174128;5.000000
1.099900;36.000000
1.242723;9.000000
1.171873;13.000000
1.154816;16.000000
1.136893;19.000000
