1.219902;33.000000
1.274809;4.000000
1.238327;10.000000
1.195624;1.000000
1.256313;17.000000
1.202828;8.000000
1.206443;12.000000
1.250976;4.000000
1.244879;10.000000
1.268382;5.000000
1.243550;12.000000
1.264254;4.000000
1.130446;7.000000
1.260584;22.000000
1.233891;3.000000
1.260587;17.000000
1.228159;11.000000
1.288183;10.000000
1.242187;16.000000
1.243796;3.000000
1.223916;25.000000
1.237671;8.000000
1.249472;9.000000
1.264184;22.000000
1.262394;4.000000
1.254442;19.000000
1.299064;13.000000
1.198724;23.000000
1.322962;20.000000
1.258837;11.000000
1.260635;46.000000
1.254309;30.000000
1.228790;9.000000
1.241855;11.000000
1.253033;7.000000
1.224893;26.000000
1.214960;14.000000
1.237462;12.000000
1.265589;40.000000
1.259980;18.000000
1.249521;11.000000
1.220478;10.000000
1.304306;12.000000
1.279628;15.000000
1.182722;3.000000
1.214692;18.000000
1.234157;12.000000
1.257632;10.000000
1.275224;4.000000
1.245315;11.000000
1.289309;7.000000
1.290146;41.000000
1.267578;19.000000
1.243743;9.000000
1.285693;22.000000
1.241196;12.000000
1.253211;11.000000
1.188600;10.000000
1.221012;16.000000
1.300199;15.000000
1.238773;26.000000
1.237216;12.000000
1.278291;10.000000
1.235875;7.000000
1.256024;8.000000
1.272923;4.000000
1.216978;2.000000
1.255378;22.000000
1.253304;7.000000
1.229449;15.000000
1.251718;16.000000
1.240603;22.000000
1.268310;2.000000
1.231129;14.000000
1.247406;5.000000
1.267367;7.000000
1.248729;17.000000
1.299429;13.000000
1.237978;6.000000
1.288631;6.000000
1.198726;10.000000
1.305155;6.000000
1.236946;20.000000
1.253413;9.000000
1.228378;18.000000
1.246527;22.000000
1.297064;8.000000
1.202719;5.000000
1.249072;13.000000
1.307936;15.000000
1.315416;13.000000
1.244556;1.000000
1.236717;5.000000
1.218142;26.000000
1.271197;19.000000
1.260868;8.000000
1.243073;23.000000
1.214162;14.000000
1.239486;16.000000
1.221522;14.000000
