1.096975;15.000000
1.200301;8.000000
1.120746;10.000000
1.133489;20.000000
1.177852;19.000000
1.149409;9.000000
1.168643;19.000000
1.148629;20.000000
1.186318;9.000000
1.188104;17.000000
1.083183;9.000000
1.133522;10.000000
1.168574;28.000000
1.178689;2.000000
1.107935;34.000000
1.151012;7.000000
1.127133;4.000000
1.159815;4.000000
1.202506;38.000000
1.106057;15.000000
1.115677;5.000000
1.194650;29.000000
1.156794;7.000000
1.123245;7.000000
1.149213;18.000000
1.153445;14.000000
1.145527;18.000000
1.124615;8.000000
1.167438;13.000000
1.086352;18.000000
1.189013;6.000000
1.177231;13.000000
1.154721;14.000000
1.185030;11.000000
1.117087;8.000000
1.199968;10.000000
1.165821;25.000000
1.123700;3.000000
1.140816;8.000000
1.157464;3.000000
1.157183;11.000000
1.202389;18.000000
1.175029;5.000000
1.123076;5.000000
1.116327;9.000000
1.162179;16.000000
1.102728;5.000000
1.192455;7.000000
1.170610;32.000000
1.153389;12.000000
1.145232;6.000000
1.186188;4.000000
1.119015;7.000000
1.105837;11.000000
1.172389;13.000000
1.164085;26.000000
1.191950;5.000000
1.139568;24.000000
1.105443;14.000000
1.170564;14.000000
1.141455;15.000000
1.144407;15.000000
1.190453;17.000000
1.097349;17.000000
1.128718;5.000000
1.106999;15.000000
1.116488;35.000000
1.169801;14.000000
1.166010;17.000000
1.163311;9.000000
1.174062;7.000000
1.175424;6.000000
1.156281;24.000000
1.135808;14.000000
1.137458;18.000000
1.178411;45.000000
1.123539;8.000000
1.139030;2.000000
1.178078;6.000000
1.166985;4.000000
1.139602;24.000000
1.132912;6.000000
1.140819;19.000000
1.106393;16.000000
1.117240;7.000000
1.128295;20.000000
1.155294;6.000000
1.172175;6.000000
1.203263;15.000000
1.155949;27.000000
1.129056;2.000000
1.171639;8.000000
1.165436;5.000000
1.154881;23.000000
1.156699;8.000000
1.174936;15.000000
1.157526;3.000000
1.157182;20.000000
1.192927;11.000000
1.139414;9.000000
