1.195202;22.000000
1.203350;17.000000
1.281334;7.000000
1.273596;2.000000
1.270210;12.000000
1.220501;12.000000
1.287644;10.000000
1.264849;5.000000
1.228655;7.000000
1.225955;9.000000
1.250314;22.000000
1.227748;7.000000
1.250312;26.000000
1.258934;34.000000
1.205057;11.000000
1.198729;18.000000
1.268208;13.000000
1.240745;12.000000
1.231615;3.000000
1.263237;12.000000
1.212906;11.000000
1.264954;7.000000
1.238876;20.000000
1.295817;12.000000
1.220958;16.000000
1.218419;6.000000
1.279488;9.000000
1.261314;2.000000
1.249007;1.000000
1.260895;16.000000
1.221948;28.000000
1.264219;15.000000
1.248277;25.000000
1.189761;29.000000
1.217227;9.000000
1.265465;7.000000
1.222877;12.000000
1.254064;39.000000
1.287042;18.000000
1.233065;14.000000
1.266201;17.000000
1.224443;11.000000
1.248026;16.000000
1.341287;10.000000
1.238950;6.000000
1.230433;9.000000
1.255600;12.000000
1.246158;11.000000
1.211483;26.000000
1.275451;24.000000
1.248142;3.000000
1.245774;7.000000
1.249977;10.000000
1.244609;25.000000
1.301421;4.000000
1.266869;14.000000
1.229044;34.000000
1.248732;12.000000
1.176806;28.000000
1.260664;4.000000
1.238526;14.000000
1.187542;7.000000
1.215547;12.000000
1.272924;12.000000
1.283438;16.000000
1.235957;18.000000
1.251593;7.000000
1.303476;15.000000
1.246276;19.000000
1.284360;13.000000
1.210734;13.000000
1.281663;16.000000
1.236564;39.000000
1.244545;9.000000
1.222179;24.000000
1.279334;17.000000
1.188508;15.000000
1.261437;9.000000
1.245615;1.000000
1.229167;8.000000
1.304177;14.000000
1.244086;38.000000
1.231967;8.000000
1.197224;9.000000
1.204306;9.000000
1.186545;3.000000
1.256769;5.000000
1.269241;22.000000
1.224841;10.000000
1.272287;27.000000
1.233969;10.000000
1.293001;17.000000
1.208195;20.000000
1.231218;5.000000
1.222993;4.000000
1.243566;12.000000
1.239790;6.000000
1.276876;4.000000
1.231612;9.000000
1.196427;25.000000
