3417759.687960;32115038.000000
3422392.066416;32122014.000000
3412263.427885;32128518.000000
3433210.571690;32135381.000000
3422477.565309;32141738.000000
3428839.325077;32148978.000000
3418858.470353;32155292.000000
3437293.645868;32162343.000000
3420984.013740;32169411.000000
3429461.660181;32175958.000000
3429127.174671;32182988.000000
3414623.168799;32189600.000000
3425268.902443;32196305.000000
3439982.902063;32202728.000000
3446213.340463;32209197.000000
3436842.430828;32215942.000000
3424813.174255;32222244.000000
3432092.601987;32228889.000000
3423141.734420;32235471.000000
3434258.585890;32241951.000000
3452261.486622;32249008.000000
3429684.294742;32255286.000000
3448463.961529;32262208.000000
3432336.298119;32269259.000000
3450964.149979;32276028.000000
3435015.247862;32282951.000000
3433162.787308;32289542.000000
3431092.482203;32296234.000000
3444805.202977;32303022.000000
3432814.166785;32309299.000000
3444669.409193;32316261.000000
3430481.116886;32323055.000000
3445373.525324;32329684.000000
3448505.017069;32336417.000000
3448600.910033;32343231.000000
3454574.631730;32349992.000000
3431192.970660;32356485.000000
3455650.415220;32363124.000000
3448904.101356;32369480.000000
3454580.690116;32376336.000000
3455189.352808;32383072.000000
3442450.980530;32390049.000000
3442473.241605;32396803.000000
3444412.936508;32403882.000000
3453242.299681;32410406.000000
3446981.258778;32417154.000000
3440718.199601;32424286.000000
3466585.947251;32430613.000000
3451926.091453;32437688.000000
3465120.216858;32445108.000000
3450242.928023;32451703.000000
3462357.958384;32458277.000000
3469539.588425;32465074.000000
3448992.788800;32471945.000000
3470856.509757;32479204.000000
3453218.743061;32485637.000000
3460745.873260;32492572.000000
3468851.439810;32499450.000000
3465460.240565;32506304.000000
3466381.191949;32513118.000000
3471856.246910;32519553.000000
3474888.364176;32526203.000000
3480589.979895;32533011.000000
3493904.454766;32540279.000000
3467709.525698;32546822.000000
3477820.411832;32553489.000000
3480272.491565;32560231.000000
3462850.028498;32567211.000000
3479021.736033;32574164.000000
3476399.827952;32580845.000000
3464892.222980;32587383.000000
3458995.043613;32593846.000000
3475514.944809;32600544.000000
3486341.279396;32607909.000000
3481568.616028;32614473.000000
3482902.884277;32621391.000000
3473844.949880;32627964.000000
3470468.669474;32634176.000000
3486933.907548;32640666.000000
3480368.979906;32647360.000000
3482726.596188;32653979.000000
3491238.293861;32660997.000000
3478323.222941;32667446.000000
3479227.967843;32674439.000000
3475108.287357;32680758.000000
3465066.189668;32687112.000000
3478110.135371;32693541.000000
3489708.121081;32700172.000000
3485778.679809;32706803.000000
3481155.462952;32713327.000000
3476193.748040;32720356.000000
3497409.622115;32727291.000000
3490136.555629;32733511.000000
3460076.549450;32739748.000000
3479592.840680;32746784.000000
3494766.538195;32753438.000000
3499137.324381;32760148.000000
3510314.280963;32767356.000000
3500807.686653;32774362.000000
3487926.070380;32781153.000000
