3034763.921849;29079768.000000
3022027.600989;29084166.000000
3036411.513362;29088390.000000
3034389.806666;29093049.000000
3032456.499931;29097858.000000
3041512.095161;29102406.000000
3033513.961769;29107451.000000
3033770.008355;29112124.000000
3036600.408976;29116354.000000
3037119.173250;29120577.000000
3041083.965468;29124935.000000
3037003.892749;29129186.000000
3038872.196991;29133770.000000
3056810.181228;29138954.000000
3053433.852714;29143100.000000
3037141.402711;29147510.000000
3041396.879817;29151652.000000
3045616.113403;29156306.000000
3031865.687820;29160494.000000
3044375.062348;29164804.000000
3053136.118329;29169244.000000
3036655.505395;29173773.000000
3050369.614714;29178655.000000
3053593.331593;29183337.000000
3050739.632307;29188507.000000
3065523.072119;29193061.000000
3038524.399870;29196630.000000
3064548.366416;29201350.000000
3044875.171043;29205986.000000
3044225.692803;29210736.000000
3063850.145095;29215335.000000
3040867.432594;29219643.000000
3059826.188953;29223935.000000
3051704.423268;29228764.000000
3061107.729837;29233010.000000
3049208.008094;29237685.000000
3049019.506224;29242178.000000
3067929.076683;29246973.000000
3047251.506938;29251243.000000
3025642.954188;29255339.000000
3045575.228270;29259502.000000
3044475.384152;29263397.000000
3035672.949457;29266962.000000
3051499.589907;29271594.000000
3063332.694293;29275992.000000
3049816.227307;29280560.000000
3047481.681864;29284885.000000
3058928.504766;29289684.000000
3054323.700069;29294099.000000
3044686.933131;29298516.000000
3049377.823376;29302727.000000
3060243.595617;29306948.000000
3059704.601617;29311611.000000
3060331.041759;29315996.000000
3054584.999118;29320755.000000
3069874.612378;29325255.000000
3052596.925667;29329063.000000
3065900.551580;29334239.000000
3085592.717589;29339443.000000
3066738.604866;29343972.000000
3061592.680626;29348293.000000
3053579.638502;29353068.000000
3079521.459789;29357689.000000
3079853.765133;29362991.000000
3065141.729630;29367334.000000
3062510.051618;29371960.000000
3072121.192667;29376881.000000
3078513.302036;29381519.000000
3076030.285838;29386215.000000
3078560.290485;29391060.000000
3087456.807650;29395709.000000
3060425.754129;29399734.000000
3061949.263221;29404152.000000
3074072.855695;29408931.000000
3056247.097605;29413021.000000
3064371.993900;29417571.000000
3086929.556523;29422387.000000
3066521.286607;29427181.000000
3062962.038989;29431973.000000
3076139.392156;29435733.000000
3052947.022916;29439722.000000
3070233.710001;29444275.000000
3064198.859509;29448930.000000
3065437.647832;29453734.000000
3084985.214118;29458348.000000
3083375.404371;29463614.000000
3085646.818629;29468715.000000
3068589.881668;29473046.000000
3067879.854344;29477532.000000
3082180.194908;29481999.000000
3081907.835722;29486387.000000
3068420.288411;29491371.000000
3063555.124142;29495642.000000
3091656.272589;29500540.000000
3078530.553646;29505321.000000
3081695.153393;29510014.000000
3095003.622253;29514564.000000
3078963.864078;29519314.000000
3079773.526118;29523822.000000
3077517.570983;29528301.000000
