1.259942;4.000000
1.480885;20.000000
1.460748;7.000000
1.499466;41.000000
1.468907;15.000000
1.408482;34.000000
1.490973;19.000000
1.383530;9.000000
1.422262;4.000000
1.397781;11.000000
1.474239;1.000000
1.472567;8.000000
1.326623;1.000000
1.336705;13.000000
1.479643;29.000000
1.493835;1.000000
1.341219;3.000000
1.318095;13.000000
1.526447;18.000000
1.519088;16.000000
1.397900;14.000000
1.399304;3.000000
1.426476;6.000000
1.418505;6.000000
1.420966;13.000000
1.339996;12.000000
1.542374;1.000000
1.434534;3.000000
1.448275;62.000000
1.477746;6.000000
1.444994;4.000000
1.418921;4.000000
1.397487;18.000000
1.446222;12.000000
1.413993;12.000000
1.499410;8.000000
1.490838;17.000000
1.401597;9.000000
1.478742;19.000000
1.429062;49.000000
1.372904;13.000000
1.421408;1.000000
1.392088;4.000000
1.393191;4.000000
1.434659;17.000000
1.418574;27.000000
1.407533;31.000000
1.450593;17.000000
1.505590;6.000000
1.412607;3.000000
1.392753;26.000000
1.443015;17.000000
1.336563;10.000000
1.404445;17.000000
1.470355;6.000000
1.331131;6.000000
1.382953;32.000000
1.409462;15.000000
1.520338;15.000000
1.361892;7.000000
1.401790;13.000000
1.446669;48.000000
1.481334;6.000000
1.411211;11.000000
1.496171;11.000000
1.381058;11.000000
1.475333;16.000000
1.364307;12.000000
1.522295;10.000000
1.409769;16.000000
1.420218;19.000000
1.435946;11.000000
1.418093;8.000000
1.453835;5.000000
1.485827;20.000000
1.323391;15.000000
1.489531;19.000000
1.409312;26.000000
1.384966;10.000000
1.410211;4.000000
1.432480;27.000000
1.395658;5.000000
1.357025;11.000000
1.379694;39.000000
1.489643;23.000000
1.408774;8.000000
1.376573;16.000000
1.435812;13.000000
1.550498;9.000000
1.478738;8.000000
1.321339;18.000000
1.433863;15.000000
1.398249;26.000000
1.369687;8.000000
1.328032;19.000000
1.374153;5.000000
1.388492;18.000000
1.357692;32.000000
1.425769;7.000000
1.440787;10.000000
