1704527.624937;18380286.000000
1703643.353353;18371873.000000
1707603.684896;18363460.000000
1699516.345314;18354909.000000
1698883.005323;18346318.000000
1695211.097367;18337649.000000
1697905.429770;18329260.000000
1708631.702771;18321490.000000
1706006.507917;18313506.000000
1689816.883223;18305131.000000
1693577.290138;18296565.000000
1694441.675137;18288283.000000
1700776.781342;18279435.000000
1696059.527371;18271019.000000
1696402.594070;18262779.000000
1702736.108730;18254522.000000
1690876.719939;18246174.000000
1691123.927191;18237372.000000
1689748.703995;18228809.000000
1693135.488661;18219946.000000
1671038.059126;18210525.000000
1687775.768612;18202207.000000
1689363.306525;18193527.000000
1688208.802856;18185030.000000
1693915.706961;18176525.000000
1684799.846854;18167881.000000
1676629.034462;18158734.000000
1689224.313872;18150791.000000
1680504.266648;18142367.000000
1671580.339124;18133597.000000
1669368.618794;18124499.000000
1676067.590887;18115673.000000
1678697.147213;18107536.000000
1673876.016815;18099059.000000
1670389.061478;18090141.000000
1676714.916722;18081955.000000
1677256.784243;18073200.000000
1685196.616773;18065159.000000
1672850.054034;18056908.000000
1671663.192349;18048010.000000
1671864.846259;18039300.000000
1667010.753729;18030605.000000
1667619.075948;18021992.000000
1670069.809392;18013557.000000
1672338.020043;18005029.000000
1671953.942312;17996765.000000
1661026.107394;17988072.000000
1670961.473200;17979612.000000
1665528.926325;17971110.000000
1656146.065083;17962768.000000
1661748.628068;17954276.000000
1657168.223164;17945516.000000
1664413.332998;17936720.000000
1668711.311713;17928390.000000
1664686.970045;17920004.000000
1659224.360700;17911433.000000
1657412.789890;17902950.000000
1665566.511291;17894658.000000
1654086.107058;17886447.000000
1654165.807239;17877863.000000
1667088.616103;17869691.000000
1653661.610851;17861258.000000
1659807.471746;17853013.000000
1654590.479434;17844563.000000
1655504.093424;17835661.000000
1652126.567192;17827347.000000
1659639.151582;17819212.000000
1655963.595659;17811309.000000
1655828.296236;17802818.000000
1641339.219814;17794202.000000
1646687.417881;17785737.000000
1649100.340658;17777662.000000
1648975.868936;17769181.000000
1646752.492112;17761022.000000
1641235.536538;17751849.000000
1642224.365879;17743413.000000
1647096.503629;17735262.000000
1639535.833114;17726424.000000
1635807.538220;17717856.000000
1645539.511944;17709402.000000
1642847.604172;17700913.000000
1640585.982862;17693026.000000
1640448.793565;17684566.000000
1649773.630487;17676445.000000
1639546.481979;17668227.000000
1641427.925251;17660096.000000
1642871.657376;17651443.000000
1641528.825324;17643213.000000
1632466.410432;17634998.000000
1634350.955189;17626413.000000
1638866.373602;17618179.000000
1631281.789483;17609667.000000
1637761.882788;17601265.000000
1625116.511220;17592376.000000
1633057.889151;17583789.000000
1628159.673304;17575780.000000
1626399.913993;17567390.000000
1635023.130710;17558988.000000
1623620.541467;17550619.000000
1630204.457216;17542404.000000
