2754631.558415;27764169.000000
2742371.034421;27763071.000000
2740415.068225;27761779.000000
2753836.469520;27760971.000000
2757594.031281;27760175.000000
2744595.361282;27759085.000000
2731248.057103;27757884.000000
2746972.721345;27757050.000000
2761782.629064;27756479.000000
2752888.396352;27755444.000000
2750731.168855;27754409.000000
2755977.614552;27752804.000000
2748482.440066;27752154.000000
2746904.210361;27751062.000000
2751155.846409;27750208.000000
2750937.981051;27748974.000000
2752973.687879;27748177.000000
2756472.761792;27747256.000000
2752748.914730;27746767.000000
2741661.208508;27746233.000000
2739866.746967;27745320.000000
2749588.880279;27744420.000000
2760078.081675;27743969.000000
2745172.939941;27742837.000000
2745123.767050;27741813.000000
2758574.316822;27740868.000000
2753448.062467;27739681.000000
2745131.689637;27738680.000000
2746029.056369;27738100.000000
2764458.134722;27737760.000000
2753518.061679;27737078.000000
2742247.277375;27736172.000000
2746854.935549;27734884.000000
2746444.823009;27734403.000000
2757809.408863;27733715.000000
2753211.369961;27732854.000000
2742923.226321;27731499.000000
2748735.885759;27730767.000000
2739329.970128;27729745.000000
2746244.413087;27728976.000000
2745881.587302;27727983.000000
2748579.092584;27727301.000000
2744166.362348;27725946.000000
2756699.335760;27725240.000000
2752105.572030;27724691.000000
2753547.762273;27723524.000000
2740844.295852;27722492.000000
2753423.430089;27721127.000000
2745283.159563;27719878.000000
2751143.989840;27719317.000000
2755795.219877;27718438.000000
2736486.502528;27717800.000000
2734514.760963;27716546.000000
2739375.104121;27715631.000000
2755668.492152;27714610.000000
2755266.920010;27713803.000000
2753835.154080;27712960.000000
2751307.663979;27712051.000000
2745780.840819;27710717.000000
2747813.792965;27710077.000000
2741973.635612;27708708.000000
2740065.796379;27707315.000000
2751096.728091;27706449.000000
2757443.629201;27705223.000000
2741779.300945;27704001.000000
2747973.274412;27703387.000000
2744476.210683;27702285.000000
2748937.301559;27701037.000000
2754469.482181;27699709.000000
2748315.249343;27698646.000000
2758783.041725;27697972.000000
2741792.660011;27696837.000000
2731382.892865;27696140.000000
2741879.080063;27694976.000000
2741874.049881;27693948.000000
2745763.168354;27693119.000000
2751750.005188;27692434.000000
2752580.527810;27691382.000000
2744508.342406;27689902.000000
2734745.463933;27688466.000000
2752116.164630;27687484.000000
2738328.042274;27686131.000000
2757411.682410;27685500.000000
2738301.949817;27684559.000000
2747976.773589;27683147.000000
2751922.966967;27681906.000000
2730290.343769;27681140.000000
2731881.387230;27679919.000000
2755451.555989;27679215.000000
2748828.204415;27678104.000000
2739925.264410;27677337.000000
2734868.491004;27676285.000000
2733612.204894;27675009.000000
2744590.100432;27674468.000000
2744110.270015;27673664.000000
2752452.097993;27672579.000000
2753368.457466;27671573.000000
2752976.218671;27670966.000000
2737810.732278;27670091.000000
2735599.980161;27668878.000000
