1.207124;17.000000
1.218718;7.000000
1.236553;25.000000
1.250129;22.000000
1.237744;7.000000
1.233080;8.000000
1.294632;8.000000
1.237170;16.000000
1.273680;16.000000
1.292376;16.000000
1.235721;6.000000
1.224507;12.000000
1.243401;16.000000
1.250688;6.000000
1.184172;22.000000
1.248618;17.000000
1.229472;6.000000
1.283123;23.000000
1.279732;6.000000
1.248717;17.000000
1.266984;4.000000
1.262695;7.000000
1.298615;6.000000
1.221868;19.000000
1.156920;10.000000
1.321297;12.000000
1.211380;9.000000
1.252171;23.000000
1.251830;11.000000
1.254341;8.000000
1.236588;11.000000
1.296386;4.000000
1.231328;12.000000
1.224784;3.000000
1.290209;11.000000
1.301952;31.000000
1.242378;18.000000
1.253647;14.000000
1.254000;26.000000
1.247210;21.000000
1.233409;15.000000
1.312688;29.000000
1.259262;19.000000
1.209350;9.000000
1.274252;4.000000
1.251893;4.000000
1.246975;69.000000
1.247746;21.000000
1.247423;6.000000
1.301005;9.000000
1.234439;10.000000
1.254394;19.000000
1.207658;12.000000
1.256431;21.000000
1.268202;5.000000
1.317931;17.000000
1.228934;22.000000
1.235670;11.000000
1.254500;16.000000
1.235826;5.000000
1.221750;17.000000
1.239139;10.000000
1.310912;9.000000
1.312549;25.000000
1.267191;14.000000
1.250684;15.000000
1.321307;11.000000
1.300319;2.000000
1.260945;5.000000
1.251588;16.000000
1.213215;26.000000
1.217923;4.000000
1.211117;15.000000
1.270042;11.000000
1.239710;4.000000
1.325233;12.000000
1.280655;9.000000
1.245237;10.000000
1.211777;29.000000
1.248831;17.000000
1.204520;5.000000
1.362562;9.000000
1.230715;15.000000
1.301333;4.000000
1.286829;27.000000
1.267449;17.000000
1.290813;8.000000
1.214304;4.000000
1.219261;4.000000
1.226453;13.000000
1.223916;17.000000
1.219437;18.000000
1.202559;8.000000
1.230793;2.000000
1.274201;12.000000
1.303435;10.000000
1.332421;6.000000
1.186344;15.000000
1.255346;2.000000
1.244844;13.000000
