2443078.959688;25339035.000000
2432408.614823;25334760.000000
2453278.723999;25331019.000000
2443080.286427;25327046.000000
2432676.253553;25323240.000000
2421105.862209;25318899.000000
2432022.252991;25314794.000000
2442676.218893;25310871.000000
2444569.819755;25306921.000000
2435241.465330;25302489.000000
2445060.833999;25298166.000000
2429877.003604;25294242.000000
2444199.596271;25290100.000000
2441194.389105;25285704.000000
2442730.281761;25281762.000000
2434874.347064;25277785.000000
2440043.493379;25273782.000000
2442934.016278;25270495.000000
2431130.771541;25266216.000000
2433124.778863;25261557.000000
2430620.149504;25257277.000000
2435684.466468;25253299.000000
2438625.223162;25248886.000000
2414679.095319;25244993.000000
2428848.775872;25240964.000000
2419862.987842;25236857.000000
2434714.533982;25232578.000000
2430109.045961;25228269.000000
2428956.431636;25224225.000000
2429927.896344;25220301.000000
2431791.391834;25216364.000000
2430793.219283;25212723.000000
2436836.591201;25208632.000000
2433614.408108;25204581.000000
2429697.795264;25200605.000000
2430429.395497;25196368.000000
2417128.793291;25191984.000000
2413002.040684;25187176.000000
2417139.571983;25183175.000000
2433373.572170;25178988.000000
2427753.233088;25175037.000000
2425930.327007;25170577.000000
2423008.360612;25166285.000000
2418902.829354;25161725.000000
2426416.540242;25157778.000000
2423044.389307;25153830.000000
2431873.321113;25149474.000000
2416517.603500;25145208.000000
2425862.331624;25140683.000000
2413717.413609;25135815.000000
2418699.235335;25131682.000000
2436255.619073;25128538.000000
2423397.233757;25124748.000000
2411682.599521;25120814.000000
2420621.431353;25117134.000000
2427768.525293;25112822.000000
2424962.765115;25108333.000000
2411295.292469;25104716.000000
2424268.902474;25100701.000000
2417091.111759;25096451.000000
2420164.358357;25092574.000000
2428402.357603;25088568.000000
2428363.466890;25084432.000000
2418186.571723;25080668.000000
2418527.894472;25076934.000000
2399746.479525;25072226.000000
2418164.347928;25068640.000000
2400373.502588;25064593.000000
2419235.304932;25060829.000000
2410510.923769;25056536.000000
2408482.019261;25052313.000000
2415107.857472;25047716.000000
2417051.062932;25043540.000000
2428303.400210;25039461.000000
2412022.075291;25035635.000000
2410631.432091;25031025.000000
2411071.095277;25026687.000000
2404426.332281;25022490.000000
2402980.313647;25018529.000000
2410825.293804;25014059.000000
2421731.947852;25010309.000000
2414862.364709;25006206.000000
2402280.642863;25001828.000000
2406356.018996;24997179.000000
2409254.838156;24992857.000000
2413431.347951;24989206.000000
2407244.492944;24984955.000000
2397582.958113;24981078.000000
2407816.895837;24976725.000000
2416657.689205;24972473.000000
2405863.040963;24968760.000000
2405376.365080;24965070.000000
2409041.281016;24961748.000000
2402792.830447;24957466.000000
2405900.471462;24953328.000000
2408569.715034;24949198.000000
2411633.003094;24945434.000000
2400148.343371;24941264.000000
2405789.300156;24937290.000000
2407106.851921;24933655.000000
