3704196.064812;37429937.000000
3697637.766838;37428859.000000
3716529.383584;37427860.000000
3713918.169837;37426971.000000
3711825.622756;37425659.000000
3700392.973731;37424475.000000
3698465.209262;37423532.000000
3687852.256458;37422233.000000
3715571.669608;37421558.000000
3707901.884804;37420388.000000
3694409.958945;37419040.000000
3726479.289483;37417685.000000
3703300.443725;37417025.000000
3688956.586460;37415527.000000
3694311.996893;37414244.000000
3712707.921034;37413058.000000
3709261.779101;37411935.000000
3711838.778052;37410874.000000
3694438.068625;37409649.000000
3687964.773705;37408547.000000
3690314.136877;37407412.000000
3696962.317806;37406731.000000
3700110.593139;37405799.000000
3712846.311516;37405115.000000
3722621.118706;37404342.000000
3683397.463221;37402674.000000
3718232.217936;37401542.000000
3679300.727513;37400541.000000
3696776.246650;37399691.000000
3750083.679880;37399054.000000
3702309.398103;37397678.000000
3720796.364651;37397239.000000
3709637.055097;37396559.000000
3703928.722871;37395484.000000
3707736.709586;37394427.000000
3699665.240424;37392925.000000
3719283.931899;37391946.000000
3695138.205007;37390226.000000
3706187.346307;37388653.000000
3701439.433350;37387620.000000
3711540.643373;37386934.000000
3707219.059465;37386070.000000
3705548.004897;37384719.000000
3727261.002634;37384309.000000
3701280.164518;37383464.000000
3713212.493389;37382274.000000
3695369.635338;37381222.000000
3713609.112299;37379905.000000
3706135.445666;37379007.000000
3704318.634733;37377612.000000
3689285.225486;37376675.000000
3703047.995191;37375656.000000
3689661.757276;37374582.000000
3714086.252214;37373548.000000
3709853.382898;37373111.000000
3718349.786831;37372492.000000
3687105.456852;37371295.000000
3708083.988598;37370547.000000
3706702.513586;37369256.000000
3698741.980802;37368259.000000
3702055.008000;37367288.000000
3679521.299037;37366100.000000
3718554.210264;37365151.000000
3702494.048564;37364102.000000
3690966.311597;37363056.000000
3701095.611199;37362108.000000
3692021.545738;37361081.000000
3697170.862810;37359135.000000
3692783.962889;37357982.000000
3702173.410974;37356929.000000
3699635.536173;37355765.000000
3687638.033597;37354913.000000
3695892.988356;37353492.000000
3686763.918041;37352513.000000
3691586.542191;37351552.000000
3702414.672628;37350605.000000
3705607.013247;37349601.000000
3706045.815788;37348159.000000
3698114.157615;37346867.000000
3711715.422731;37346034.000000
3700849.356131;37344791.000000
3704512.724988;37343706.000000
3699575.930962;37342742.000000
3713367.614547;37342388.000000
3700568.041593;37341438.000000
3718251.674504;37340571.000000
3682277.723136;37338969.000000
3709145.668872;37337885.000000
3705448.423756;37337451.000000
3708093.788941;37336670.000000
3694712.950255;37335329.000000
3697031.372169;37334078.000000
3689688.270962;37332769.000000
3692110.922756;37331661.000000
3685600.035014;37330512.000000
3697886.110351;37329158.000000
3699528.824161;37328569.000000
3696669.474271;37327601.000000
3686049.915238;37325898.000000
3721619.448029;37324871.000000
