2757385.166671;26129988.000000
2764002.236478;26136160.000000
2752745.872106;26141424.000000
2766511.731676;26147323.000000
2767759.677507;26153042.000000
2765759.541962;26159172.000000
2762302.711073;26165097.000000
2751956.358689;26170444.000000
2760544.644804;26176051.000000
2773129.166248;26182209.000000
2768132.019640;26188024.000000
2769590.305201;26193817.000000
2768745.321080;26199621.000000
2781989.812483;26205981.000000
2788513.147035;26211971.000000
2770644.403351;26217823.000000
2772121.448995;26223414.000000
2784768.005235;26229493.000000
2777141.846995;26235912.000000
2773412.826412;26241558.000000
2770997.713580;26247767.000000
2773592.512583;26253027.000000
2766965.718379;26258782.000000
2776665.366129;26264458.000000
2784511.186855;26270069.000000
2785215.890610;26276085.000000
2777831.395390;26282170.000000
2775640.301476;26287627.000000
2795873.263182;26294157.000000
2773969.866318;26299784.000000
2774544.803687;26305033.000000
2774566.122571;26311041.000000
2795620.693705;26316967.000000
2777582.143162;26322725.000000
2774020.751460;26328510.000000
2781585.611080;26333765.000000
2784194.648703;26339502.000000
2789008.021587;26345148.000000
2770321.705007;26350480.000000
2778810.860980;26356183.000000
2774574.421126;26361458.000000
2784469.074914;26367564.000000
2805319.707532;26373636.000000
2780563.661371;26378915.000000
2782027.266900;26384827.000000
2784135.450663;26390643.000000
2772765.116080;26396033.000000
2799822.704474;26402403.000000
2807125.239004;26408779.000000
2806526.407549;26414707.000000
2793844.057832;26420172.000000
2807053.704977;26425916.000000
2789609.222173;26431610.000000
2793245.197012;26437824.000000
2799699.896084;26443264.000000
2796977.882845;26449096.000000
2795174.775415;26454697.000000
2800277.489781;26460337.000000
2803675.161145;26466328.000000
2805627.215464;26472102.000000
2805842.220724;26477963.000000
2794371.807854;26483642.000000
2793171.209472;26489499.000000
2799152.562051;26495719.000000
2803858.782712;26502002.000000
2795818.631019;26507840.000000
2821411.309393;26514172.000000
2820123.587791;26519934.000000
2805645.039879;26525401.000000
2810323.859146;26530613.000000
2815464.728888;26536790.000000
2799948.882132;26542490.000000
2803435.484357;26547953.000000
2808637.459732;26553650.000000
2808203.712857;26559630.000000
2802348.319522;26565907.000000
2825817.458969;26571660.000000
2816207.619960;26577867.000000
2804642.144178;26583804.000000
2821000.975564;26589492.000000
2810922.120390;26595097.000000
2813136.119125;26600854.000000
2810231.420153;26606311.000000
2805735.796483;26612046.000000
2819508.301428;26618309.000000
2806252.376992;26624194.000000
2814053.286522;26630301.000000
2831140.080399;26636517.000000
2815597.158871;26641608.000000
2818730.816093;26647216.000000
2816425.660887;26653257.000000
2811860.862057;26659195.000000
2815188.162368;26664922.000000
2810872.524767;26670639.000000
2809485.175329;26676061.000000
2818752.700002;26681642.000000
2819091.236371;26687126.000000
2817736.090921;26693269.000000
2824411.025945;26699171.000000
2816380.161974;26704655.000000
