3330768.806026;34551021.000000
3321514.617345;34546897.000000
3342486.017042;34543070.000000
3324979.857606;34538842.000000
3311935.703823;34534807.000000
3330401.512905;34530524.000000
3326124.562295;34526786.000000
3324603.287326;34522999.000000
3348853.866392;34519531.000000
3338823.200793;34515773.000000
3333600.214578;34512090.000000
3317221.078816;34508316.000000
3318640.561302;34504088.000000
3325149.505672;34499925.000000
3329716.828592;34496048.000000
3317641.464710;34492115.000000
3333261.483196;34488143.000000
3325531.545688;34483686.000000
3322548.255929;34479436.000000
3320094.679995;34474839.000000
3325826.209957;34471344.000000
3318656.728118;34467875.000000
3303580.076470;34463443.000000
3329122.102150;34459492.000000
3332963.907426;34455768.000000
3311742.648426;34451294.000000
3317064.347272;34447426.000000
3318730.758745;34443268.000000
3315760.636705;34439350.000000
3311387.190536;34435369.000000
3323092.815179;34431468.000000
3315006.730008;34427133.000000
3326489.963410;34423614.000000
3317083.005264;34419900.000000
3316646.290132;34415962.000000
3315558.260551;34412017.000000
3299415.553751;34407839.000000
3315803.513221;34403725.000000
3310190.739469;34399031.000000
3295357.215619;34394561.000000
3295448.089831;34389914.000000
3309706.329306;34385894.000000
3326219.467020;34382160.000000
3316405.189545;34378077.000000
3334547.078317;34374336.000000
3302117.547187;34370170.000000
3314924.148456;34365831.000000
3310520.007644;34361776.000000
3333349.411379;34358750.000000
3315173.468548;34354578.000000
3293319.535887;34350138.000000
3317952.634659;34345816.000000
3306978.896527;34341808.000000
3292827.380774;34336940.000000
3293450.107140;34332507.000000
3312842.736435;34327891.000000
3315215.388822;34323824.000000
3308961.231522;34319824.000000
3294867.227926;34315386.000000
3300593.470009;34310817.000000
3313624.215672;34306814.000000
3314008.450770;34302870.000000
3294360.166976;34298449.000000
3308687.808071;34294573.000000
3321072.744966;34290949.000000
3306802.392038;34286388.000000
3297934.533674;34282461.000000
3291112.156448;34277782.000000
3286880.934420;34273078.000000
3297352.442429;34269220.000000
3279940.245276;34264969.000000
3307479.264990;34261088.000000
3303724.246176;34257111.000000
3300392.451726;34253104.000000
3292087.565076;34249149.000000
3314653.345497;34245782.000000
3301876.575652;34241550.000000
3284806.879930;34237265.000000
3284708.951127;34232624.000000
3285970.672235;34227733.000000
3272552.868009;34222910.000000
3292334.525186;34218575.000000
3294494.324207;34214247.000000
3281316.048765;34209728.000000
3288673.932531;34205322.000000
3301982.150194;34201340.000000
3299683.425636;34197414.000000
3302740.931631;34193360.000000
3302771.159285;34189375.000000
3302021.420397;34184865.000000
3286178.502788;34180427.000000
3301112.554277;34176754.000000
3291866.680495;34172654.000000
3306747.855698;34168478.000000
3293237.548832;34164259.000000
3294480.572565;34160350.000000
3277873.475232;34155899.000000
3277191.161608;34151407.000000
3282738.287616;34147109.000000
3295577.187784;34143035.000000
