2058474.838039;19851644.000000
2048390.060586;19855293.000000
2061250.467511;19859528.000000
2060576.395919;19863285.000000
2052797.653136;19866969.000000
2053785.019785;19870486.000000
2062251.905382;19874614.000000
2057489.670402;19878556.000000
2062644.899471;19882772.000000
2057363.897307;19886574.000000
2058969.474664;19890264.000000
2055676.179073;19893105.000000
2059199.483509;19896665.000000
2053662.698867;19899750.000000
2067608.245200;19903380.000000
2072068.397063;19907419.000000
2063542.082409;19911050.000000
2058848.760453;19914763.000000
2064056.569275;19918691.000000
2061229.375372;19922636.000000
2072479.972753;19926650.000000
2073123.442961;19930350.000000
2057802.889037;19933836.000000
2067428.293468;19937541.000000
2070254.049716;19941221.000000
2069519.907164;19945042.000000
2069952.225703;19948900.000000
2055647.109494;19952771.000000
2066308.422651;19956852.000000
2070123.675811;19960061.000000
2075717.499810;19964388.000000
2055477.756802;19967264.000000
2069303.693603;19971153.000000
2061342.467912;19974867.000000
2078840.633389;19978915.000000
2069091.361421;19982823.000000
2066851.308604;19986446.000000
2068534.430959;19990175.000000
2066142.353105;19993617.000000
2063452.942909;19996881.000000
2072725.603795;20000790.000000
2081655.354940;20004705.000000
2069320.380866;20008486.000000
2073169.642339;20011639.000000
2083153.437362;20015753.000000
2073057.014632;20019300.000000
2079997.806287;20023244.000000
2081598.393403;20027464.000000
2080668.843037;20031302.000000
2077454.421203;20035201.000000
2068086.614943;20038909.000000
2078038.797585;20042698.000000
2085178.629373;20046746.000000
2082634.024576;20050436.000000
2076154.660937;20053930.000000
2076866.788622;20058203.000000
2099485.382254;20062487.000000
2077553.697521;20066324.000000
2065926.088308;20070272.000000
2072031.172373;20073871.000000
2069155.594724;20077593.000000
2081773.120856;20081824.000000
2073982.935463;20084923.000000
2083437.938162;20088484.000000
2083717.323659;20092389.000000
2091641.014008;20096492.000000
2094648.524636;20100302.000000
2073492.737124;20104218.000000
2087110.150983;20107948.000000
2074455.614596;20111437.000000
2087248.258079;20115566.000000
2089993.686073;20119106.000000
2086295.925224;20123030.000000
2096018.961691;20127494.000000
2080237.580686;20131099.000000
2089995.031383;20134650.000000
2080373.672871;20138772.000000
2086081.448712;20143001.000000
2079273.650825;20146842.000000
2086914.623494;20150310.000000
2087172.520865;20153773.000000
2092111.873706;20157646.000000
2099151.069125;20161847.000000
2091497.418844;20165204.000000
2088974.058758;20168949.000000
2070709.302497;20172193.000000
2085370.715105;20176577.000000
2094951.547366;20180446.000000
2092064.406959;20184058.000000
2105954.265421;20187981.000000
2082903.885074;20191430.000000
2092995.600042;20195217.000000
2087560.422651;20198875.000000
2079909.615501;20202342.000000
2081464.408433;20205614.000000
2096004.141125;20209210.000000
2096894.039886;20212527.000000
2093903.965887;20216795.000000
2087200.273978;20220210.000000
2097548.271708;20224559.000000
