3211530.804960;31507014.000000
3197536.671317;31508861.000000
3210634.643179;31510712.000000
3203698.949655;31512746.000000
3213864.554293;31514448.000000
3194599.859130;31516122.000000
3204017.447953;31517542.000000
3210529.518974;31519060.000000
3223090.501945;31521149.000000
3204350.667624;31522947.000000
3212685.672694;31524511.000000
3235461.695386;31526729.000000
3227765.409922;31529169.000000
3207362.779877;31531173.000000
3221869.367803;31533050.000000
3215096.037650;31534842.000000
3216240.641622;31536670.000000
3206218.117447;31538336.000000
3204382.971276;31540975.000000
3230005.729708;31543026.000000
3214195.251352;31545168.000000
3217772.854944;31547375.000000
3218460.978168;31549191.000000
3219046.374511;31551055.000000
3210106.834401;31553054.000000
3218284.031337;31555243.000000
3231558.525586;31557132.000000
3210026.348381;31559392.000000
3227079.741685;31561416.000000
3219724.764426;31562840.000000
3238427.985738;31565015.000000
3242229.651361;31567404.000000
3216127.918467;31569161.000000
3210260.266852;31571541.000000
3214769.960171;31573170.000000
3218285.069802;31574869.000000
3206597.361264;31577027.000000
3216279.861754;31579215.000000
3222844.862281;31581540.000000
3220220.609368;31583663.000000
3203535.056094;31585615.000000
3237113.382910;31588353.000000
3227799.896581;31590762.000000
3218362.096547;31592645.000000
3209129.385204;31594562.000000
3216741.210726;31596518.000000
3217917.756334;31598624.000000
3224252.830511;31600690.000000
3223420.093163;31603360.000000
3222524.556313;31605336.000000
3224173.221465;31607868.000000
3233988.888994;31610341.000000
3245086.879230;31612734.000000
3222266.984996;31614611.000000
3213238.798334;31616625.000000
3235845.291055;31619143.000000
3232427.815935;31621078.000000
3219583.116420;31622450.000000
3211746.263585;31624730.000000
3225306.477651;31626538.000000
3223640.958934;31628705.000000
3220894.219638;31630295.000000
3228297.606540;31632248.000000
3231015.547955;31634515.000000
3229995.614432;31636402.000000
3212867.024762;31638234.000000
3221461.385408;31640070.000000
3236392.304636;31642054.000000
3218226.581923;31643473.000000
3233734.764090;31645610.000000
3222620.842907;31647821.000000
3228282.711831;31650107.000000
3223549.474140;31652096.000000
3224063.545572;31654040.000000
3226844.245826;31655883.000000
3224915.860106;31658014.000000
3223536.399728;31660291.000000
3219534.177222;31662132.000000
3217756.628808;31664030.000000
3218689.024792;31665806.000000
3231058.839971;31667920.000000
3216895.075828;31669885.000000
3239402.137444;31671943.000000
3227128.927713;31673561.000000
3233335.279283;31675946.000000
3222113.937719;31677548.000000
3240788.567046;31679420.000000
3213244.792978;31681284.000000
3242909.267552;31683383.000000
3253847.941533;31685834.000000
3223108.133801;31687345.000000
3233224.009539;31689211.000000
3250038.230190;31691606.000000
3236374.501494;31693245.000000
3231920.741420;31695636.000000
3222951.853792;31698068.000000
3237956.724602;31700304.000000
3229608.104568;31702757.000000
3221568.341560;31704094.000000
3235107.172346;31706098.000000
