344904.824818;3178528.000000
346171.833709;3187437.000000
345693.708195;3196190.000000
348241.397539;3205013.000000
348628.898679;3213709.000000
347132.722818;3221586.000000
350624.235068;3230115.000000
350645.021186;3238858.000000
351280.942497;3247848.000000
353749.371052;3256499.000000
354443.448408;3265183.000000
355321.485691;3273721.000000
355920.103385;3282186.000000
358330.404682;3290992.000000
356139.848572;3298883.000000
359329.021448;3307570.000000
358591.733810;3316424.000000
362193.783401;3324847.000000
361437.930895;3333461.000000
363881.569574;3342261.000000
364207.132443;3350753.000000
363063.290421;3359212.000000
366072.968298;3367818.000000
366531.501694;3376707.000000
368230.507951;3384817.000000
367835.827771;3393193.000000
368556.431284;3402030.000000
371604.753549;3410942.000000
371646.645870;3419786.000000
372377.181000;3428282.000000
372206.227785;3436286.000000
374746.812874;3444696.000000
374357.805547;3453591.000000
374221.573705;3461728.000000
375002.699056;3470110.000000
379331.621226;3478384.000000
377895.250129;3487123.000000
378890.820394;3496082.000000
379348.575589;3505016.000000
380981.920493;3513422.000000
381233.131933;3521372.000000
384131.245942;3530230.000000
384013.582626;3538768.000000
383384.799419;3547133.000000
387174.420054;3555675.000000
388222.659349;3564094.000000
386802.758684;3572590.000000
391933.494615;3581208.000000
389833.383825;3589917.000000
389400.832520;3598498.000000
391128.782742;3606988.000000
388694.754939;3615114.000000
393285.084958;3623697.000000
394668.865254;3632093.000000
395482.159518;3640822.000000
396643.374968;3649668.000000
397826.777464;3658282.000000
399289.469155;3667770.000000
398938.502501;3676229.000000
398414.389984;3685121.000000
399211.724228;3693653.000000
404077.090110;3702351.000000
401371.536676;3710066.000000
404085.201842;3719410.000000
403988.302344;3728427.000000
405349.161309;3737297.000000
407429.370894;3746029.000000
407044.272020;3754014.000000
410878.836557;3763235.000000
406776.143621;3772247.000000
411698.637189;3781242.000000
410919.797868;3789320.000000
413376.121078;3798430.000000
415363.775602;3807053.000000
414650.296380;3816165.000000
417084.019887;3824867.000000
414333.489912;3833189.000000
416372.382194;3841437.000000
416064.936037;3850016.000000
421446.961334;3859205.000000
420884.811927;3868081.000000
419260.178401;3876835.000000
422310.990964;3885229.000000
421228.122211;3893803.000000
424073.822510;3902909.000000
423698.680918;3910884.000000
420836.308816;3919255.000000
423026.485381;3927979.000000
425458.541647;3936200.000000
428158.472922;3944707.000000
429045.849338;3952986.000000
431573.910693;3962005.000000
432165.662546;3970870.000000
431522.184725;3979386.000000
434771.059042;3988149.000000
434408.168603;3996652.000000
434823.984680;4005141.000000
431864.547244;4013282.000000
438075.613218;4022735.000000
437307.778558;4031425.000000
