1787117.452480;19121835.000000
1786107.977162;19114353.000000
1795563.274214;19107104.000000
1796584.557450;19100216.000000
1796611.582351;19093693.000000
1785539.453053;19085546.000000
1789502.337077;19078311.000000
1781818.877219;19070771.000000
1781521.942864;19063463.000000
1778116.477874;19055843.000000
1789007.168990;19048523.000000
1780002.255511;19041446.000000
1782109.538141;19033811.000000
1781007.054209;19026656.000000
1776673.619311;19019017.000000
1788509.199403;19011638.000000
1784497.978790;19003831.000000
1774200.456184;18996465.000000
1772764.577718;18988830.000000
1768913.092871;18981790.000000
1782731.495989;18974003.000000
1782267.854204;18966875.000000
1775191.454313;18959253.000000
1772094.495732;18951677.000000
1765056.514925;18944159.000000
1766239.306287;18936671.000000
1767178.828689;18929232.000000
1769388.317029;18921756.000000
1770443.630459;18914707.000000
1765243.477826;18907476.000000
1765863.876673;18900067.000000
1765084.289557;18892487.000000
1763150.658257;18885236.000000
1775760.653655;18878167.000000
1769327.612268;18870971.000000
1759884.623720;18863146.000000
1769780.896922;18856387.000000
1761295.298344;18848849.000000
1763938.633696;18841296.000000
1765207.003602;18833880.000000
1765409.256715;18826382.000000
1756525.469218;18818830.000000
1755975.439480;18811346.000000
1750233.992240;18803362.000000
1761327.106510;18795966.000000
1763975.887990;18788283.000000
1760731.427273;18781099.000000
1758534.114141;18773291.000000
1753068.869348;18765455.000000
1754433.548266;18758211.000000
1765020.168245;18751133.000000
1752853.952125;18743461.000000
1747000.439219;18735647.000000
1760098.029436;18728197.000000
1755908.365937;18720773.000000
1738494.546746;18712945.000000
1753328.222584;18706063.000000
1744212.251076;18698659.000000
1737461.246188;18691078.000000
1752977.321748;18683905.000000
1747483.444492;18676844.000000
1751717.542557;18669997.000000
1731896.978869;18661972.000000
1745400.082660;18654624.000000
1749860.235924;18647067.000000
1748570.375754;18639856.000000
1743726.910970;18632605.000000
1744989.298953;18625441.000000
1745684.260384;18617893.000000
1739535.655050;18610501.000000
1747612.852604;18603112.000000
1745022.268836;18595509.000000
1744266.096539;18588540.000000
1743398.697932;18581201.000000
1737039.346507;18573605.000000
1747591.347163;18565885.000000
1741035.102956;18558834.000000
1728358.659993;18551055.000000
1737698.876964;18543820.000000
1731255.917174;18536236.000000
1727713.447259;18528513.000000
1732899.582364;18521250.000000
1740835.347789;18514665.000000
1727688.039223;18507546.000000
1726185.108484;18499559.000000
1722678.494037;18491755.000000
1726141.495061;18484242.000000
1733145.695915;18477085.000000
1731074.462674;18470149.000000
1727424.974430;18462635.000000
1727935.099759;18455274.000000
1733541.954433;18448250.000000
1718172.223346;18441025.000000
1718597.434963;18433250.000000
1722008.537680;18425552.000000
1735029.172248;18418354.000000
1721536.234974;18411231.000000
1710403.575870;18403120.000000
1722362.802211;18395722.000000
1729187.358783;18388988.000000
