1.208319;6.000000
1.249935;8.000000
1.264210;10.000000
1.218030;10.000000
1.243570;6.000000
1.191120;12.000000
1.245808;5.000000
1.213766;18.000000
1.263314;21.000000
1.221981;5.000000
1.231181;6.000000
1.225371;12.000000
1.211965;11.000000
1.259944;1.000000
1.243732;20.000000
1.203662;31.000000
1.253832;9.000000
1.263288;12.000000
1.277957;7.000000
1.193603;6.000000
1.171720;11.000000
1.273458;5.000000
1.244614;8.000000
1.253469;11.000000
1.263914;2.000000
1.242642;16.000000
1.222891;19.000000
1.254455;16.000000
1.260119;14.000000
1.252296;12.000000
1.225104;10.000000
1.253315;7.000000
1.247004;28.000000
1.203668;10.000000
1.235284;15.000000
1.206609;10.000000
1.241512;3.000000
1.218835;29.000000
1.295805;17.000000
1.228288;9.000000
1.270222;4.000000
1.315025;5.000000
1.249308;30.000000
1.237363;5.000000
1.224745;14.000000
1.343252;6.000000
1.289685;15.000000
1.266687;13.000000
1.275865;7.000000
1.239471;11.000000
1.230199;16.000000
1.204159;15.000000
1.219380;2.000000
1.223526;11.000000
1.237017;27.000000
1.189878;18.000000
1.236662;14.000000
1.199816;14.000000
1.200931;18.000000
1.220108;7.000000
1.262631;10.000000
1.254215;3.000000
1.254217;17.000000
1.299313;6.000000
1.209908;10.000000
1.260528;3.000000
1.268103;40.000000
1.301572;15.000000
1.237258;9.000000
1.191228;7.000000
1.262034;43.000000
1.255949;20.000000
1.252425;12.000000
1.264903;7.000000
1.250596;8.000000
1.248277;8.000000
1.253395;25.000000
1.245725;20.000000
1.248587;10.000000
1.207008;8.000000
1.211988;3.000000
1.237207;16.000000
1.234027;2.000000
1.241890;6.000000
1.290876;15.000000
1.263147;11.000000
1.285798;19.000000
1.188319;5.000000
1.291217;22.000000
1.281472;12.000000
1.280842;14.000000
1.245752;33.000000
1.259492;15.000000
1.295277;9.000000
1.204698;4.000000
1.259135;10.000000
1.241648;11.000000
1.238414;8.000000
1.183388;22.000000
1.222072;11.000000
