3529856.628221;35197688.000000
3510662.403065;35197687.000000
3524107.397287;35197607.000000
3523718.073648;35197431.000000
3511521.396375;35197533.000000
3506595.780302;35197411.000000
3497871.575708;35196782.000000
3524550.632448;35196730.000000
3523836.887695;35196493.000000
3519816.470601;35196300.000000
3519060.261112;35196560.000000
3531200.050566;35196740.000000
3505945.158090;35196285.000000
3524904.815859;35196456.000000
3533043.817516;35196629.000000
3529671.598788;35196792.000000
3546897.498673;35197166.000000
3528302.099922;35196913.000000
3530955.208777;35196346.000000
3538796.988310;35196615.000000
3508147.428488;35196357.000000
3513926.146833;35196255.000000
3506718.693933;35196530.000000
3501519.734439;35196365.000000
3524750.401322;35196087.000000
3532670.144726;35195691.000000
3519111.772663;35195754.000000
3521799.508765;35195766.000000
3511295.039854;35195505.000000
3531782.717968;35195359.000000
3511874.282050;35195533.000000
3530559.962706;35196011.000000
3506613.373703;35195873.000000
3527263.763425;35195940.000000
3525590.766110;35196058.000000
3510479.394606;35195837.000000
3522023.429604;35195790.000000
3536314.843336;35196209.000000
3542276.555435;35196133.000000
3517478.807393;35196356.000000
3520685.067549;35196586.000000
3512190.584922;35196494.000000
3527800.605906;35196234.000000
3509622.331855;35196001.000000
3533820.096031;35195941.000000
3518738.801346;35195538.000000
3516224.139226;35195669.000000
3522217.474847;35195644.000000
3513207.863023;35195347.000000
3516944.045941;35195206.000000
3534351.905937;35195382.000000
3506132.132943;35195257.000000
3527826.819138;35195722.000000
3529523.926562;35195991.000000
3508604.704274;35195757.000000
3526521.974945;35196295.000000
3517285.955180;35195572.000000
3504395.611103;35195383.000000
3525313.282100;35195525.000000
3515328.412495;35195634.000000
3527938.315011;35195861.000000
3529522.468577;35196156.000000
3522828.020422;35196148.000000
3527016.815960;35196015.000000
3528426.440844;35196343.000000
3519223.522462;35196711.000000
3521650.677349;35196783.000000
3532716.507311;35196943.000000
3530283.795428;35196653.000000
3498721.429152;35195572.000000
3509875.290827;35195428.000000
3516123.116474;35195243.000000
3522021.874045;35195100.000000
3533784.786129;35195516.000000
3522827.004764;35195171.000000
3530293.950863;35195263.000000
3517819.271753;35194473.000000
3500369.318887;35194430.000000
3519696.297592;35194588.000000
3535360.891255;35195230.000000
3506978.121107;35195429.000000
3498299.714885;35194956.000000
3526188.563553;35194232.000000
3526904.164659;35194323.000000
3526787.016140;35194261.000000
3538064.211027;35194515.000000
3493753.919687;35193873.000000
3509456.694776;35193938.000000
3510198.945861;35193605.000000
3524569.196658;35193402.000000
3528272.808133;35193889.000000
3507635.872899;35193530.000000
3513016.124075;35193180.000000
3503595.134237;35193528.000000
3494696.171051;35192735.000000
3535020.849959;35193034.000000
3498142.528789;35192661.000000
3513381.658341;35192784.000000
3521275.501495;35192858.000000
3528198.305879;35192714.000000
