3538923.955725;36014106.000000
3523235.801779;36011960.000000
3540064.590896;36009814.000000
3539593.143736;36007932.000000
3517453.328578;36005927.000000
3541836.341658;36003908.000000
3520406.894075;36001911.000000
3516862.313570;35999840.000000
3546464.373359;35998206.000000
3534970.052894;35995869.000000
3528230.292402;35993345.000000
3550471.265859;35991405.000000
3549831.411168;35989919.000000
3541055.368008;35987967.000000
3539454.470302;35986500.000000
3540414.068894;35984420.000000
3546144.327673;35982846.000000
3528941.119184;35980861.000000
3551363.981765;35978733.000000
3544396.474246;35976947.000000
3526503.308206;35975009.000000
3510057.831801;35971983.000000
3533432.885628;35970333.000000
3528908.984327;35968494.000000
3527423.368862;35966867.000000
3534079.098772;35964975.000000
3533677.478016;35962968.000000
3546889.082842;35960810.000000
3542656.377757;35958772.000000
3526688.195783;35956922.000000
3522732.471627;35955299.000000
3530868.910159;35953708.000000
3528017.961813;35950797.000000
3523803.721458;35948464.000000
3543676.070467;35946167.000000
3532879.261072;35943719.000000
3538106.495676;35941709.000000
3539157.396842;35939825.000000
3527193.702669;35937804.000000
3520193.131295;35935437.000000
3527992.562991;35933445.000000
3508702.434607;35931348.000000
3533639.140551;35929591.000000
3533129.445437;35927363.000000
3553628.549680;35926106.000000
3504525.791696;35923661.000000
3530801.553624;35921293.000000
3511113.358438;35919486.000000
3534295.639111;35917712.000000
3534707.207166;35916130.000000
3525117.851445;35913852.000000
3540168.644768;35911929.000000
3526521.458731;35910265.000000
3507413.026373;35907828.000000
3506456.689061;35905539.000000
3506695.588226;35903442.000000
3516654.963284;35901516.000000
3533861.838173;35899599.000000
3533383.171920;35897826.000000
3526309.057926;35895673.000000
3532517.968578;35893658.000000
3538009.281992;35892030.000000
3516823.948394;35889814.000000
3536255.712476;35888237.000000
3531542.777260;35885991.000000
3530330.561609;35884284.000000
3522099.266422;35881740.000000
3530381.171311;35879550.000000
3524562.280880;35877766.000000
3513757.928085;35875890.000000
3541707.828844;35873801.000000
3516787.677402;35871667.000000
3530904.116499;35869765.000000
3516354.983294;35867335.000000
3514639.777183;35865230.000000
3533644.519190;35863486.000000
3516531.492258;35861061.000000
3511089.455197;35859099.000000
3527972.063304;35857027.000000
3534156.094492;35855380.000000
3513864.129931;35852926.000000
3510999.324642;35850829.000000
3506238.445819;35849093.000000
3533500.203015;35847434.000000
3510851.862826;35845127.000000
3523086.074488;35843454.000000
3531963.369932;35841903.000000
3518331.755534;35840053.000000
3536612.295608;35838246.000000
3539356.576213;35836361.000000
3518095.273773;35834769.000000
3507227.373539;35832606.000000
3521703.675404;35831058.000000
3530688.440185;35829130.000000
3522145.207017;35827336.000000
3516381.811852;35824950.000000
3485302.736669;35823237.000000
3524229.087619;35821380.000000
3512491.008073;35819119.000000
3515828.395479;35816932.000000
