916164.867492;9406186.000000
913016.490686;9403153.000000
919833.204220;9400570.000000
916207.481163;9397515.000000
911743.728829;9394405.000000
907670.148747;9391057.000000
911618.845956;9387973.000000
914514.483020;9385194.000000
917620.369707;9382586.000000
911038.590620;9379275.000000
914878.860880;9376487.000000
914149.667497;9373686.000000
911578.942274;9370821.000000
911433.583897;9367249.000000
909882.625572;9364076.000000
908650.740766;9360910.000000
909305.484533;9357614.000000
909010.559173;9354481.000000
914071.783881;9351857.000000
910197.222700;9349232.000000
905405.547185;9346217.000000
907364.272115;9342899.000000
910130.960528;9340617.000000
905952.755982;9338033.000000
905565.437653;9335033.000000
905461.016989;9331378.000000
912209.375823;9328673.000000
900575.787162;9325595.000000
907522.522043;9322262.000000
905301.615022;9319411.000000
905593.719269;9316785.000000
905323.600098;9313202.000000
909063.101675;9310551.000000
907617.163251;9308068.000000
906676.258245;9305199.000000
906060.296872;9302292.000000
904266.348047;9299005.000000
907127.686674;9295882.000000
901608.436933;9292788.000000
903179.945999;9289529.000000
906616.217899;9286664.000000
906147.203637;9283535.000000
903743.929119;9281052.000000
901311.434575;9277956.000000
904405.234080;9275264.000000
902404.942892;9271962.000000
900344.571978;9268844.000000
901957.022499;9265527.000000
902949.093050;9262705.000000
897947.574581;9259203.000000
900839.452496;9256015.000000
900426.501040;9253164.000000
899253.442460;9250330.000000
895322.320251;9247062.000000
901344.618246;9243839.000000
901834.028008;9241137.000000
895287.218434;9238076.000000
900087.291875;9234777.000000
898039.791114;9232217.000000
900307.412493;9229195.000000
895401.363376;9226655.000000
900640.496608;9223688.000000
892711.306102;9220425.000000
901474.619869;9218236.000000
898213.481877;9215024.000000
895349.381477;9211688.000000
900910.870291;9208628.000000
893553.844888;9204980.000000
901183.678769;9202375.000000
897784.201945;9199489.000000
894413.989963;9196627.000000
896344.449127;9193908.000000
893329.315443;9190925.000000
893623.989947;9187945.000000
896468.539334;9185055.000000
895842.188393;9182424.000000
895054.058386;9179550.000000
893422.661733;9176614.000000
897756.554150;9174273.000000
886466.154428;9170883.000000
892159.926333;9168001.000000
891337.181712;9165090.000000
894778.201751;9162431.000000
889269.240088;9159849.000000
890770.421147;9156643.000000
888148.403090;9153480.000000
892809.306019;9150679.000000
889141.118197;9147330.000000
886964.895596;9144501.000000
891253.653960;9141848.000000
893239.838628;9138999.000000
888385.006007;9135652.000000
888077.949984;9132674.000000
888894.962584;9129516.000000
882599.751024;9126560.000000
890220.977754;9123415.000000
891674.084376;9120155.000000
883859.133267;9116832.000000
887625.309386;9113668.000000
894162.768023;9111413.000000
