1.238342;12.000000
1.255052;13.000000
1.254573;12.000000
1.261656;6.000000
1.278983;13.000000
1.298530;7.000000
1.200467;5.000000
1.254167;15.000000
1.286605;3.000000
1.266323;1.000000
1.325881;24.000000
1.313105;7.000000
1.308131;5.000000
1.287047;15.000000
1.223474;6.000000
1.277080;4.000000
1.279100;11.000000
1.314544;18.000000
1.264005;15.000000
1.307542;10.000000
1.211513;4.000000
1.245727;1.000000
1.317259;8.000000
1.333054;7.000000
1.309621;17.000000
1.257177;13.000000
1.353763;10.000000
1.257027;3.000000
1.311599;8.000000
1.340713;9.000000
1.340803;26.000000
1.290235;13.000000
1.403141;17.000000
1.328254;8.000000
1.271590;12.000000
1.280181;3.000000
1.269331;12.000000
1.295012;5.000000
1.288637;19.000000
1.325322;21.000000
1.335504;7.000000
1.262663;11.000000
1.304941;5.000000
1.348348;40.000000
1.337480;16.000000
1.286014;6.000000
1.300049;12.000000
1.270055;10.000000
1.280415;7.000000
1.228231;22.000000
1.284094;17.000000
1.316637;6.000000
1.252394;7.000000
1.244529;30.000000
1.252842;9.000000
1.292214;5.000000
1.360891;6.000000
1.319776;10.000000
1.247564;10.000000
1.354786;7.000000
1.327214;14.000000
1.273226;22.000000
1.337546;8.000000
1.243493;18.000000
1.283725;4.000000
1.243984;15.000000
1.283993;8.000000
1.345047;12.000000
1.302033;19.000000
1.247912;24.000000
1.238178;4.000000
1.273085;12.000000
1.285129;17.000000
1.331863;16.000000
1.259350;6.000000
1.309487;23.000000
1.310557;6.000000
1.366018;3.000000
1.250876;25.000000
1.312798;7.000000
1.319812;3.000000
1.316630;7.000000
1.249959;9.000000
1.309705;3.000000
1.289917;5.000000
1.229525;20.000000
1.330416;17.000000
1.257328;12.000000
1.334608;16.000000
1.415269;7.000000
1.386459;36.000000
1.315229;34.000000
1.272590;9.000000
1.244236;5.000000
1.301659;10.000000
1.244628;7.000000
1.337735;8.000000
1.319649;5.000000
1.295952;23.000000
1.267023;16.000000
