1.271256;6.000000
1.396148;15.000000
1.391832;5.000000
1.399166;14.000000
1.491711;10.000000
1.417165;5.000000
1.580770;20.000000
1.359525;7.000000
1.518197;22.000000
1.418875;14.000000
1.419725;12.000000
1.442321;25.000000
1.467346;17.000000
1.393772;4.000000
1.415244;26.000000
1.399361;20.000000
1.418781;32.000000
1.445816;7.000000
1.439800;4.000000
1.486592;14.000000
1.405212;1.000000
1.542015;18.000000
1.394884;7.000000
1.491747;2.000000
1.464174;2.000000
1.492314;19.000000
1.410323;9.000000
1.379397;22.000000
1.484579;3.000000
1.362203;9.000000
1.374829;11.000000
1.542082;27.000000
1.450708;15.000000
1.501113;13.000000
1.548494;18.000000
1.437664;44.000000
1.550540;15.000000
1.441839;24.000000
1.498720;11.000000
1.428009;10.000000
1.587238;15.000000
1.454061;34.000000
1.348708;24.000000
1.449232;7.000000
1.511937;8.000000
1.430559;23.000000
1.449510;14.000000
1.494563;4.000000
1.408226;18.000000
1.491349;20.000000
1.429914;35.000000
1.425740;9.000000
1.407931;18.000000
1.479234;18.000000
1.513979;6.000000
1.383512;7.000000
1.354642;36.000000
1.434956;3.000000
1.354945;16.000000
1.469737;14.000000
1.485653;14.000000
1.507328;58.000000
1.477556;34.000000
1.505927;13.000000
1.317004;12.000000
1.555983;25.000000
1.466645;10.000000
1.461994;1.000000
1.533380;21.000000
1.455154;25.000000
1.469326;3.000000
1.357653;52.000000
1.589668;13.000000
1.378390;23.000000
1.447272;8.000000
1.439711;5.000000
1.499950;4.000000
1.435505;5.000000
1.427328;9.000000
1.467237;10.000000
1.419541;21.000000
1.425407;27.000000
1.412306;18.000000
1.541837;5.000000
1.439801;19.000000
1.378606;18.000000
1.446782;12.000000
1.385196;16.000000
1.436667;24.000000
1.457845;14.000000
1.292228;21.000000
1.501719;64.000000
1.509436;19.000000
1.416565;37.000000
1.331591;16.000000
1.521076;29.000000
1.359822;19.000000
1.462387;16.000000
1.493628;17.000000
1.403613;17.000000
