1.243482;14.000000
1.330709;4.000000
1.262900;3.000000
1.300617;25.000000
1.245942;18.000000
1.247898;8.000000
1.249860;23.000000
1.296961;29.000000
1.283533;7.000000
1.240745;20.000000
1.222432;16.000000
1.247941;14.000000
1.271459;20.000000
1.282853;5.000000
1.367553;15.000000
1.250778;21.000000
1.238419;17.000000
1.293485;39.000000
1.232473;8.000000
1.232335;5.000000
1.255058;4.000000
1.232945;4.000000
1.254546;26.000000
1.252525;19.000000
1.221034;11.000000
1.289736;19.000000
1.224893;5.000000
1.277356;5.000000
1.298546;6.000000
1.356414;15.000000
1.248398;22.000000
1.288626;4.000000
1.220788;4.000000
1.257172;8.000000
1.261885;6.000000
1.222299;23.000000
1.258495;10.000000
1.171129;11.000000
1.261945;18.000000
1.221368;15.000000
1.252337;18.000000
1.243553;13.000000
1.275471;7.000000
1.303375;12.000000
1.266052;11.000000
1.255393;30.000000
1.326996;13.000000
1.272530;2.000000
1.281598;14.000000
1.260733;4.000000
1.263807;24.000000
1.278507;16.000000
1.297317;10.000000
1.260638;5.000000
1.326310;21.000000
1.249267;3.000000
1.346724;2.000000
1.209481;11.000000
1.242220;3.000000
1.240508;5.000000
1.229161;10.000000
1.303347;24.000000
1.252896;15.000000
1.250238;11.000000
1.259901;15.000000
1.331848;3.000000
1.235128;12.000000
1.200172;6.000000
1.241297;25.000000
1.276393;3.000000
1.277811;27.000000
1.241992;29.000000
1.235416;12.000000
1.243283;13.000000
1.239137;10.000000
1.267735;6.000000
1.277306;14.000000
1.247979;13.000000
1.268919;4.000000
1.272371;26.000000
1.241279;18.000000
1.237287;4.000000
1.256214;23.000000
1.314823;5.000000
1.306504;37.000000
1.210874;10.000000
1.211724;13.000000
1.308182;15.000000
1.339168;19.000000
1.231123;8.000000
1.278076;21.000000
1.247158;27.000000
1.296322;8.000000
1.195589;6.000000
1.282951;6.000000
1.227205;1.000000
1.216276;15.000000
1.240191;6.000000
1.323459;7.000000
1.228636;5.000000
