1.474588;15.000000
1.528770;9.000000
1.418858;24.000000
1.408349;9.000000
1.635055;15.000000
1.471433;11.000000
1.472512;28.000000
1.541616;4.000000
1.525412;22.000000
1.509149;8.000000
1.500116;10.000000
1.394947;12.000000
1.456290;18.000000
1.533770;15.000000
1.434357;5.000000
1.396635;20.000000
1.447460;4.000000
1.416879;28.000000
1.671018;46.000000
1.671660;16.000000
1.565074;7.000000
1.520940;9.000000
1.539130;16.000000
1.516418;31.000000
1.489266;13.000000
1.563508;10.000000
1.578396;7.000000
1.472821;9.000000
1.517987;24.000000
1.554368;13.000000
1.538658;11.000000
1.330500;17.000000
1.484224;8.000000
1.428354;12.000000
1.436202;14.000000
1.472198;26.000000
1.490421;5.000000
1.563269;24.000000
1.459393;38.000000
1.484085;15.000000
1.482532;19.000000
1.441592;14.000000
1.491573;22.000000
1.497148;24.000000
1.520643;22.000000
1.426828;13.000000
1.502765;8.000000
1.512226;2.000000
1.385454;14.000000
1.496710;22.000000
1.568823;5.000000
1.411348;16.000000
1.479746;9.000000
1.466328;5.000000
1.478220;13.000000
1.512024;27.000000
1.587801;12.000000
1.478380;5.000000
1.510153;22.000000
1.524083;15.000000
1.503124;11.000000
1.564903;4.000000
1.565993;8.000000
1.415971;16.000000
1.608327;8.000000
1.450902;7.000000
1.540073;10.000000
1.574101;53.000000
1.493423;22.000000
1.436236;9.000000
1.487763;17.000000
1.644726;21.000000
1.569461;12.000000
1.471245;12.000000
1.462201;11.000000
1.374457;13.000000
1.413156;12.000000
1.543231;4.000000
1.579342;29.000000
1.511415;5.000000
1.508505;21.000000
1.494266;13.000000
1.501460;15.000000
1.412143;44.000000
1.666630;7.000000
1.520467;9.000000
1.384063;12.000000
1.397639;28.000000
1.527331;53.000000
1.523387;15.000000
1.448550;19.000000
1.453392;21.000000
1.557688;28.000000
1.585723;4.000000
1.498297;7.000000
1.587591;17.000000
1.483228;12.000000
1.465321;31.000000
1.526169;17.000000
1.456486;22.000000
