2800013.420934;26709427.000000
2794827.618444;26714429.000000
2787518.941452;26719359.000000
2807910.502589;26724418.000000
2808111.425480;26729668.000000
2792896.455331;26734615.000000
2779649.594508;26738715.000000
2809808.986960;26743946.000000
2793426.304493;26748744.000000
2806793.578102;26753792.000000
2817371.277044;26759206.000000
2793030.748296;26763836.000000
2803524.074932;26768548.000000
2808345.494611;26773348.000000
2799803.267112;26777991.000000
2801039.831188;26783560.000000
2813312.988189;26788371.000000
2821108.313681;26793633.000000
2801561.279045;26798556.000000
2807993.547940;26803005.000000
2799435.081251;26807964.000000
2806621.360795;26812930.000000
2813468.737999;26817659.000000
2807316.170260;26823069.000000
2811398.566139;26827909.000000
2806665.538583;26832850.000000
2794324.853704;26837370.000000
2818922.680679;26842436.000000
2799616.217863;26846796.000000
2804824.485271;26852083.000000
2821852.517413;26857207.000000
2815168.322798;26862340.000000
2819127.209743;26866679.000000
2802442.887666;26871432.000000
2811180.513607;26876296.000000
2827402.447236;26881470.000000
2816679.942424;26886364.000000
2818530.909882;26890668.000000
2805354.189891;26895269.000000
2814968.003411;26900328.000000
2820555.798961;26905041.000000
2816495.607250;26909957.000000
2819153.551396;26914981.000000
2825511.582950;26919838.000000
2810403.219059;26924705.000000
2824828.476847;26929628.000000
2829908.000577;26934224.000000
2823330.536878;26939045.000000
2812899.848708;26943471.000000
2818050.178704;26948556.000000
2840379.675591;26953890.000000
2832750.462649;26958658.000000
2818016.549106;26963162.000000
2827811.940307;26968291.000000
2830957.949130;26972773.000000
2838032.510798;26978414.000000
2828322.872872;26982904.000000
2820787.972146;26988061.000000
2824814.712006;26992648.000000
2846131.755549;26997982.000000
2833587.286359;27002756.000000
2841869.822024;27008014.000000
2829127.662742;27012912.000000
2822355.859775;27017074.000000
2833795.941721;27022342.000000
2813721.487215;27027082.000000
2822767.569512;27032657.000000
2841618.768450;27037518.000000
2837457.712568;27042962.000000
2841837.145129;27048494.000000
2832240.576695;27053116.000000
2830737.500630;27057830.000000
2861968.177107;27063326.000000
2825712.736577;27067399.000000
2836833.349579;27072021.000000
2829610.980442;27077007.000000
2817234.862963;27081389.000000
2839971.855303;27086042.000000
2832153.121810;27090609.000000
2837726.766256;27095779.000000
2835833.449374;27100712.000000
2830464.765333;27105514.000000
2827573.245061;27110497.000000
2841179.855309;27115385.000000
2841468.719327;27120197.000000
2843166.968669;27125021.000000
2844568.614077;27129928.000000
2841589.072094;27134741.000000
2829064.131848;27139297.000000
2836292.199035;27144196.000000
2846273.415230;27149094.000000
2848339.763126;27153756.000000
2824709.086698;27157784.000000
2844500.322442;27162670.000000
2843651.482434;27167033.000000
2829003.783045;27172164.000000
2834435.162241;27176985.000000
2838167.863422;27181223.000000
2842696.003707;27186507.000000
2846989.450875;27191732.000000
