1.204011;26.000000
1.252226;24.000000
1.302082;14.000000
1.246907;5.000000
1.279116;9.000000
1.246640;9.000000
1.307870;13.000000
1.290374;10.000000
1.280962;16.000000
1.328053;33.000000
1.210489;8.000000
1.279880;17.000000
1.316514;17.000000
1.297644;16.000000
1.209305;14.000000
1.266677;8.000000
1.268070;18.000000
1.317461;18.000000
1.268736;8.000000
1.313498;12.000000
1.240874;9.000000
1.269661;14.000000
1.363162;10.000000
1.245694;16.000000
1.312084;3.000000
1.282378;5.000000
1.240402;9.000000
1.315299;9.000000
1.279643;46.000000
1.412601;10.000000
1.329465;7.000000
1.260863;17.000000
1.291747;10.000000
1.278101;31.000000
1.299656;29.000000
1.310287;16.000000
1.282299;7.000000
1.293193;22.000000
1.307155;3.000000
1.405007;7.000000
1.293269;16.000000
1.365314;5.000000
1.337808;8.000000
1.222882;11.000000
1.279747;5.000000
1.295572;12.000000
1.262254;11.000000
1.277963;7.000000
1.344924;10.000000
1.305151;10.000000
1.305932;9.000000
1.317757;12.000000
1.322659;19.000000
1.239772;12.000000
1.300626;25.000000
1.262708;5.000000
1.274817;15.000000
1.303406;52.000000
1.299651;23.000000
1.326438;5.000000
1.262577;7.000000
1.310619;15.000000
1.314792;12.000000
1.314174;6.000000
1.201170;8.000000
1.335083;15.000000
1.351078;4.000000
1.332788;9.000000
1.310279;40.000000
1.223716;10.000000
1.280208;6.000000
1.309210;7.000000
1.210146;16.000000
1.305539;20.000000
1.252951;26.000000
1.237956;5.000000
1.240362;20.000000
1.225183;18.000000
1.227454;1.000000
1.305213;12.000000
1.286746;21.000000
1.287881;7.000000
1.297505;10.000000
1.345890;9.000000
1.256588;21.000000
1.309194;22.000000
1.266593;17.000000
1.275052;17.000000
1.250766;6.000000
1.309414;5.000000
1.337259;40.000000
1.329318;12.000000
1.304133;16.000000
1.300794;20.000000
1.253350;15.000000
1.261880;4.000000
1.317105;22.000000
1.313756;12.000000
1.273895;4.000000
1.279695;21.000000
