3600001.668753;34862435.000000
3589504.826544;34865855.000000
3601470.822882;34869064.000000
3600276.950740;34872316.000000
3608193.842490;34876034.000000
3590057.624227;34879452.000000
3581811.429202;34882224.000000
3594847.390299;34885533.000000
3594124.053515;34888896.000000
3600340.828218;34892225.000000
3604198.578585;34895517.000000
3611832.138608;34898839.000000
3608838.859651;34902299.000000
3598365.609967;34905762.000000
3613328.618095;34909292.000000
3604481.663195;34912605.000000
3602748.806758;34915893.000000
3606053.534734;34919355.000000
3603290.017158;34922440.000000
3597847.490991;34925611.000000
3580615.924763;34928770.000000
3598962.629479;34932037.000000
3603666.534689;34935014.000000
3608239.779197;34938599.000000
3612558.916685;34942159.000000
3611596.167648;34945240.000000
3605661.513055;34948600.000000
3607612.114714;34952148.000000
3607912.081281;34956245.000000
3623956.490986;34959499.000000
3610427.046331;34962950.000000
3612681.468410;34966728.000000
3597734.721742;34969523.000000
3603812.112849;34972421.000000
3620974.129586;34976087.000000
3597124.563398;34978964.000000
3612766.579822;34981833.000000
3614483.372794;34985351.000000
3602737.399304;34988861.000000
3611502.853665;34992621.000000
3599337.698844;34996175.000000
3602501.434817;34998960.000000
3605451.966302;35002235.000000
3602347.548976;35005432.000000
3613327.385279;35008976.000000
3625038.678208;35013026.000000
3605397.131436;35015791.000000
3624566.158451;35019500.000000
3607960.613663;35023010.000000
3628730.809875;35026821.000000
3630040.079675;35030248.000000
3593430.191411;35033577.000000
3612434.649952;35037204.000000
3613427.548819;35040879.000000
3625266.234609;35044372.000000
3618700.269192;35047299.000000
3617609.321460;35050144.000000
3638581.367943;35054360.000000
3619827.075021;35057710.000000
3630503.854084;35061440.000000
3630372.306503;35064701.000000
3627775.230419;35068723.000000
3611835.030077;35071698.000000
3615861.178565;35074776.000000
3623638.838678;35078222.000000
3649043.847250;35081924.000000
3622506.770934;35085899.000000
3624774.271562;35089896.000000
3623783.724661;35093481.000000
3619915.028164;35097064.000000
3649629.637059;35100499.000000
3620172.325063;35104087.000000
3646675.423625;35107932.000000
3625766.844791;35111069.000000
3637059.527334;35114222.000000
3609885.721522;35117618.000000
3612155.762379;35120593.000000
3616071.709573;35124023.000000
3616566.986890;35126762.000000
3641118.632572;35130519.000000
3616355.511533;35133555.000000
3625592.635680;35137300.000000
3613751.023873;35140345.000000
3617856.252288;35143517.000000
3615173.333091;35146785.000000
3633542.168728;35150639.000000
3623189.248872;35154608.000000
3645049.848089;35158398.000000
3623746.122321;35161607.000000
3627106.731822;35164708.000000
3627379.450988;35168304.000000
3617082.867642;35171745.000000
3624977.055943;35175175.000000
3611527.114088;35178174.000000
3643084.329371;35182010.000000
3614703.218133;35184868.000000
3617873.490479;35188245.000000
3640042.627902;35191786.000000
3624542.314862;35194736.000000
3613184.928148;35198040.000000
