1.194566;13.000000
1.259281;3.000000
1.243560;7.000000
1.238028;5.000000
1.284893;6.000000
1.140664;3.000000
1.277346;20.000000
1.266601;9.000000
1.272038;28.000000
1.245724;15.000000
1.248493;19.000000
1.251674;27.000000
1.268548;27.000000
1.230276;49.000000
1.277062;14.000000
1.236774;11.000000
1.181166;8.000000
1.284883;12.000000
1.259061;33.000000
1.234141;11.000000
1.210908;4.000000
1.221484;18.000000
1.228043;17.000000
1.300482;13.000000
1.188942;9.000000
1.250802;8.000000
1.174961;15.000000
1.246510;6.000000
1.308915;10.000000
1.362177;6.000000
1.245024;7.000000
1.305627;7.000000
1.234440;3.000000
1.266212;4.000000
1.217632;20.000000
1.185645;14.000000
1.243060;23.000000
1.235435;7.000000
1.259423;7.000000
1.260754;5.000000
1.255614;13.000000
1.224819;19.000000
1.272532;15.000000
1.192607;18.000000
1.217462;12.000000
1.212687;24.000000
1.268089;15.000000
1.233878;18.000000
1.315724;10.000000
1.289347;20.000000
1.260852;14.000000
1.248340;4.000000
1.269284;15.000000
1.179574;5.000000
1.206168;5.000000
1.233677;22.000000
1.287411;22.000000
1.195161;29.000000
1.242623;6.000000
1.221603;15.000000
1.215820;2.000000
1.190563;9.000000
1.255336;7.000000
1.263840;40.000000
1.196349;24.000000
1.223716;4.000000
1.213426;8.000000
1.234859;7.000000
1.232980;44.000000
1.235044;5.000000
1.278148;4.000000
1.257380;11.000000
1.245177;8.000000
1.223046;10.000000
1.244912;38.000000
1.272352;15.000000
1.316953;3.000000
1.253975;7.000000
1.261918;4.000000
1.272148;20.000000
1.235480;16.000000
1.282989;11.000000
1.257980;6.000000
1.189007;4.000000
1.210316;15.000000
1.212228;7.000000
1.279699;5.000000
1.267085;8.000000
1.197263;9.000000
1.213658;20.000000
1.234416;34.000000
1.205333;17.000000
1.243744;19.000000
1.243930;6.000000
1.207092;8.000000
1.303909;17.000000
1.255858;22.000000
1.270263;5.000000
1.222968;20.000000
1.282012;5.000000
