2524318.610302;24236982.000000
2526413.511436;24241676.000000
2526995.456592;24245751.000000
2522413.305241;24250136.000000
2520316.924134;24254529.000000
2527475.525312;24258695.000000
2516715.683684;24263241.000000
2519672.319776;24267464.000000
2528745.732119;24271978.000000
2539070.591070;24276432.000000
2529755.064498;24280512.000000
2533995.884727;24285050.000000
2531709.259210;24289248.000000
2537403.178568;24293828.000000
2535135.310045;24297591.000000
2515964.572456;24301364.000000
2531154.347219;24305129.000000
2544476.517800;24309507.000000
2527505.633071;24313230.000000
2523586.251334;24317372.000000
2536661.131013;24321874.000000
2521087.813947;24325850.000000
2532579.828958;24330179.000000
2527552.603111;24334135.000000
2541570.001862;24338448.000000
2535551.781742;24343086.000000
2539537.577438;24347577.000000
2531440.275725;24352138.000000
2528395.505437;24356323.000000
2546003.702048;24360815.000000
2545612.072071;24365417.000000
2541307.504629;24369590.000000
2553076.373567;24374226.000000
2535446.405278;24378468.000000
2560955.160604;24383158.000000
2540922.282834;24387797.000000
2539712.369873;24392085.000000
2539455.630567;24396591.000000
2532757.074535;24400745.000000
2537367.943533;24405302.000000
2526919.672214;24409259.000000
2536628.344838;24413968.000000
2534880.547389;24418061.000000
2532668.130631;24422147.000000
2542970.426372;24426643.000000
2543887.715829;24430974.000000
2554266.687133;24435834.000000
2551704.560423;24440493.000000
2561140.575711;24444817.000000
2543689.418357;24448964.000000
2548436.343640;24453414.000000
2550704.279565;24457652.000000
2537462.535389;24461797.000000
2552848.386966;24466039.000000
2566301.293599;24470487.000000
2543629.926245;24474473.000000
2564116.292986;24479340.000000
2542217.070011;24483139.000000
2557495.053513;24486909.000000
2564966.688609;24491644.000000
2556844.098022;24496065.000000
2558253.553303;24500214.000000
2543324.897081;24504216.000000
2537757.504371;24507725.000000
2549659.868484;24511854.000000
2563073.998901;24515872.000000
2552437.111009;24520714.000000
2548364.676506;24524753.000000
2555111.630011;24529063.000000
2554771.758533;24533232.000000
2568471.570213;24538155.000000
2548878.085113;24542341.000000
2544283.509951;24546408.000000
2569580.285643;24551354.000000
2568804.861931;24555847.000000
2566010.571877;24560337.000000
2542751.987028;24564152.000000
2549506.791445;24568351.000000
2565384.162505;24572701.000000
2551513.299049;24577365.000000
2558412.167484;24581931.000000
2565359.456766;24586256.000000
2559236.098447;24590381.000000
2561845.197874;24594912.000000
2554702.234967;24599250.000000
2561594.938322;24603119.000000
2574171.476308;24607634.000000
2553202.682146;24612243.000000
2569293.311610;24616419.000000
2563886.446616;24620728.000000
2568921.445794;24625074.000000
2554848.624810;24629557.000000
2573446.927167;24633877.000000
2567004.443655;24637851.000000
2566824.850880;24641836.000000
2555266.686164;24645967.000000
2565376.832993;24650730.000000
2566211.502716;24654843.000000
2562963.657332;24659560.000000
2561627.752295;24664007.000000
