456920.461227;4887823.000000
456577.583180;4880388.000000
457345.034795;4872944.000000
456646.002361;4865713.000000
453861.076765;4858153.000000
451072.858551;4850440.000000
452664.426529;4843140.000000
452128.727781;4836007.000000
452860.760049;4828614.000000
450619.656303;4820927.000000
450895.666136;4813888.000000
450547.535428;4806899.000000
450157.630256;4799549.000000
449402.613738;4792096.000000
447897.094246;4784345.000000
447673.690406;4776740.000000
445722.748175;4768943.000000
445246.051146;4761419.000000
444696.615670;4754121.000000
444747.924513;4747095.000000
444236.758922;4739657.000000
441527.236623;4732427.000000
442468.320855;4724544.000000
440965.855729;4717496.000000
442203.148721;4710346.000000
441400.647719;4702744.000000
440090.872020;4695051.000000
436202.460795;4686944.000000
439671.470872;4680170.000000
435856.922749;4672349.000000
435840.573596;4664513.000000
432701.777524;4656485.000000
435900.961986;4648734.000000
433804.977132;4641336.000000
432509.702242;4633820.000000
432149.330214;4626389.000000
430960.126000;4618993.000000
431936.417879;4611990.000000
432786.996357;4604369.000000
429784.503616;4597095.000000
427484.542080;4588907.000000
428626.486474;4581187.000000
426850.962667;4573385.000000
427293.534437;4565755.000000
425058.489699;4558545.000000
424944.034049;4550758.000000
424808.128297;4543261.000000
424463.465977;4535643.000000
423112.513790;4528153.000000
423837.798974;4520486.000000
422145.963350;4512809.000000
420889.363168;4505036.000000
421925.722270;4497380.000000
419706.317272;4490114.000000
418540.052128;4482589.000000
418786.743079;4475083.000000
415967.351118;4467285.000000
417590.477728;4459631.000000
419173.239524;4452633.000000
414932.342940;4445186.000000
414205.591045;4437344.000000
414530.619249;4429595.000000
414082.500562;4422319.000000
412328.514376;4414843.000000
411357.024414;4407197.000000
412007.577628;4399637.000000
411934.952449;4391999.000000
410410.902535;4384491.000000
409102.546494;4376729.000000
407714.831772;4369444.000000
409797.943532;4362198.000000
407137.740675;4354449.000000
407224.687127;4347308.000000
405935.864678;4339381.000000
405412.176433;4332222.000000
403806.756163;4324489.000000
402984.520169;4316547.000000
400667.808430;4308538.000000
401849.617872;4300903.000000
400002.839020;4293037.000000
401173.626129;4285679.000000
399812.537360;4278173.000000
399182.448454;4270882.000000
399067.773850;4262498.000000
397248.499576;4254838.000000
395810.033419;4246855.000000
395667.052773;4239203.000000
395700.211054;4231151.000000
392567.445188;4223177.000000
395912.454894;4215692.000000
392124.270221;4207548.000000
395172.448126;4200375.000000
395292.780411;4193306.000000
392387.365743;4185635.000000
389344.644597;4177253.000000
389851.311816;4170007.000000
390387.514089;4162537.000000
389828.414768;4155386.000000
388011.288848;4147879.000000
388067.968366;4140282.000000
