3150562.859904;32428441.000000
3141952.477109;32425198.000000
3160374.204960;32422205.000000
3138997.657373;32418643.000000
3144797.666937;32415936.000000
3147178.907973;32412498.000000
3135805.825087;32409230.000000
3132159.835679;32405819.000000
3164959.953766;32402931.000000
3154588.999043;32399793.000000
3159157.162031;32397104.000000
3162605.258752;32394101.000000
3144250.525384;32390597.000000
3139926.533243;32387133.000000
3156272.216757;32383848.000000
3142928.335733;32380738.000000
3148026.911087;32377538.000000
3139127.592844;32374773.000000
3158789.353952;32371828.000000
3133890.836334;32368552.000000
3126800.656478;32365596.000000
3142125.923648;32361838.000000
3153451.549452;32358736.000000
3138016.164678;32355559.000000
3127957.470865;32352712.000000
3135904.342734;32349947.000000
3143512.017559;32347305.000000
3142970.850276;32343942.000000
3134142.630180;32340055.000000
3145643.158092;32336802.000000
3125080.322214;32333416.000000
3137452.944111;32329965.000000
3146571.860283;32326524.000000
3148877.044894;32323682.000000
3141233.335310;32320583.000000
3154410.928202;32317572.000000
3134392.431795;32314342.000000
3158123.867429;32311722.000000
3133516.293766;32308229.000000
3136053.955490;32305118.000000
3138800.069744;32301541.000000
3127730.483560;32298362.000000
3138229.381800;32294672.000000
3127497.755387;32291255.000000
3124728.244037;32288096.000000
3142420.911866;32284433.000000
3135405.016182;32281623.000000
3131602.760590;32278550.000000
3114296.791673;32275193.000000
3133917.865461;32272050.000000
3141308.696878;32268721.000000
3127137.224370;32265487.000000
3126548.345506;32261943.000000
3129723.295344;32258341.000000
3130597.560718;32255054.000000
3127011.255832;32251410.000000
3130274.473540;32248564.000000
3120032.487597;32245267.000000
3123530.869508;32241449.000000
3121783.764607;32237888.000000
3138348.497211;32235028.000000
3118644.581370;32231448.000000
3125091.952151;32228031.000000
3138464.425602;32224906.000000
3132826.773749;32221671.000000
3137929.087975;32218753.000000
3134263.494257;32215487.000000
3127818.430232;32212112.000000
3119789.086085;32208748.000000
3131405.827749;32206090.000000
3128008.337099;32203270.000000
3107576.952056;32200001.000000
3123011.254330;32196617.000000
3118420.658319;32193499.000000
3116763.493326;32189772.000000
3131335.167150;32186565.000000
3137113.889842;32183788.000000
3108347.290282;32180259.000000
3121260.141905;32176763.000000
3124233.870522;32173567.000000
3126231.562925;32170800.000000
3131005.670827;32167825.000000
3113488.880541;32164196.000000
3120542.234945;32161088.000000
3127237.370472;32158206.000000
3114561.491760;32154888.000000
3126217.594783;32151626.000000
3125059.418081;32148434.000000
3126292.052623;32145191.000000
3117257.029392;32141340.000000
3118665.682313;32138098.000000
3119329.809569;32135436.000000
3121461.701015;32132429.000000
3123676.406862;32129395.000000
3127279.685508;32126176.000000
3126036.790821;32122726.000000
3111612.888681;32118906.000000
3107606.414228;32115904.000000
3112175.053952;32112211.000000
3112868.208891;32108726.000000
