2254931.021970;20658821.000000
2254493.330382;20668192.000000
2253168.804700;20676932.000000
2264843.816264;20686121.000000
2248676.290220;20695271.000000
2243740.089658;20703672.000000
2266980.187249;20712939.000000
2252138.662396;20721551.000000
2270724.372820;20730908.000000
2269735.608802;20740375.000000
2267250.554554;20749722.000000
2263399.882887;20758412.000000
2278352.594884;20768046.000000
2270927.482095;20777212.000000
2267217.060157;20786506.000000
2251429.217204;20795063.000000
2265730.729399;20804527.000000
2266166.716679;20813237.000000
2273843.979084;20822545.000000
2270317.372904;20831621.000000
2267919.152156;20840571.000000
2274577.760545;20849507.000000
2292780.910351;20858817.000000
2277396.620180;20868174.000000
2280693.685928;20877346.000000
2282318.706365;20886444.000000
2275277.080530;20895564.000000
2274433.893707;20904788.000000
2274402.545587;20913453.000000
2276741.760934;20922286.000000
2285055.207689;20931780.000000
2295464.165091;20941257.000000
2287929.326364;20950830.000000
2277983.325068;20959496.000000
2285536.182315;20968634.000000
2284590.130646;20977900.000000
2294162.800312;20987162.000000
2294322.519923;20996290.000000
2292752.619883;21005649.000000
2296763.768450;21014999.000000
2302377.240497;21024460.000000
2294835.348086;21033645.000000
2295379.809972;21042403.000000
2293643.745864;21051753.000000
2288559.091684;21060571.000000
2299814.931207;21069552.000000
2292182.114703;21078171.000000
2310427.292317;21087888.000000
2300940.403160;21097035.000000
2310909.580912;21105915.000000
2303709.343707;21115553.000000
2311133.040715;21124795.000000
2304642.054829;21134086.000000
2321065.293397;21143452.000000
2309900.781937;21152383.000000
2306932.219325;21161686.000000
2320801.557537;21170909.000000
2317814.731531;21180001.000000
2308029.034881;21188913.000000
2328333.753621;21198310.000000
2299022.344099;21207767.000000
2325504.341077;21217341.000000
2301495.011624;21225674.000000
2308474.897516;21234701.000000
2308842.114027;21243415.000000
2313916.045766;21252112.000000
2317278.847987;21261105.000000
2317468.017955;21270342.000000
2318855.039901;21279170.000000
2326436.868033;21288569.000000
2318633.320678;21297333.000000
2328222.957670;21307054.000000
2336336.584922;21316100.000000
2332726.426354;21325032.000000
2320886.041835;21334022.000000
2329296.421609;21342686.000000
2339396.785969;21351977.000000
2329713.919440;21361987.000000
2341866.124892;21371327.000000
2334559.247793;21380515.000000
2342234.098465;21389838.000000
2337556.266242;21399074.000000
2347804.465324;21408752.000000
2337900.520872;21417711.000000
2347379.021432;21426852.000000
2335340.078508;21436117.000000
2352633.436905;21444986.000000
2333764.381672;21453244.000000
2349989.715856;21462776.000000
2335930.129507;21471632.000000
2354085.618143;21481284.000000
2352545.784462;21490341.000000
2345855.183438;21499086.000000
2349377.963269;21508038.000000
2362733.078246;21517731.000000
2339189.840888;21526481.000000
2365348.353872;21535557.000000
2356570.145591;21544624.000000
2364246.420383;21554440.000000
2348002.780691;21563090.000000
