1.211138;22.000000
1.266320;9.000000
1.247647;21.000000
1.223640;10.000000
1.268427;11.000000
1.245771;14.000000
1.249275;15.000000
1.246366;11.000000
1.254465;27.000000
1.234573;12.000000
1.271501;11.000000
1.300488;11.000000
1.263683;17.000000
1.250650;20.000000
1.253385;23.000000
1.277307;17.000000
1.292182;16.000000
1.229791;18.000000
1.278104;12.000000
1.336426;10.000000
1.228796;18.000000
1.278532;11.000000
1.267254;4.000000
1.209352;24.000000
1.272500;23.000000
1.250349;11.000000
1.207490;38.000000
1.263386;28.000000
1.286026;11.000000
1.275328;4.000000
1.240527;12.000000
1.243667;5.000000
1.290016;14.000000
1.324066;6.000000
1.209687;7.000000
1.286905;32.000000
1.240825;30.000000
1.272190;11.000000
1.292949;24.000000
1.277360;3.000000
1.224972;12.000000
1.280111;24.000000
1.310728;10.000000
1.259798;34.000000
1.266570;12.000000
1.213514;23.000000
1.237341;4.000000
1.237652;6.000000
1.255460;29.000000
1.266995;5.000000
1.275309;10.000000
1.264862;7.000000
1.259014;7.000000
1.275476;19.000000
1.252919;6.000000
1.261029;10.000000
1.275485;5.000000
1.220920;7.000000
1.291548;18.000000
1.202592;5.000000
1.298752;32.000000
1.273706;19.000000
1.315532;12.000000
1.254737;2.000000
1.227225;8.000000
1.247537;33.000000
1.210959;19.000000
1.286867;14.000000
1.241872;5.000000
1.273293;10.000000
1.312848;16.000000
1.315032;11.000000
1.222524;14.000000
1.262936;6.000000
1.326604;17.000000
1.230319;11.000000
1.287000;10.000000
1.298890;16.000000
1.232448;31.000000
1.203902;4.000000
1.319854;5.000000
1.270201;6.000000
1.264179;5.000000
1.251510;5.000000
1.260826;10.000000
1.249268;12.000000
1.214917;10.000000
1.244590;14.000000
1.266381;25.000000
1.283024;4.000000
1.254144;17.000000
1.307725;45.000000
1.272191;14.000000
1.268304;14.000000
1.241492;23.000000
1.302581;14.000000
1.289517;12.000000
1.300359;19.000000
1.256418;21.000000
1.237352;23.000000
