2075356.327525;20227090.000000
2065460.961619;20229646.000000
2069145.574701;20232225.000000
2076614.571914;20234728.000000
2081016.902891;20237239.000000
2064386.939241;20239573.000000
2069216.180553;20242425.000000
2075563.519104;20245466.000000
2083708.422586;20248041.000000
2070990.670226;20250625.000000
2072402.228518;20252762.000000
2083550.153335;20255734.000000
2079053.725272;20258606.000000
2082801.312688;20261296.000000
2074491.999410;20263839.000000
2079751.841677;20266347.000000
2080143.425523;20268773.000000
2083273.700200;20271590.000000
2077115.750840;20274760.000000
2071692.456312;20277012.000000
2075536.326808;20279686.000000
2078771.579241;20282590.000000
2079623.188763;20285217.000000
2079953.664289;20288046.000000
2088910.681967;20290811.000000
2082291.330306;20292758.000000
2094604.057272;20295778.000000
2085958.211895;20299267.000000
2088038.487056;20302157.000000
2084097.712473;20305342.000000
2084068.034729;20307925.000000
2086577.077752;20310722.000000
2082748.413879;20314327.000000
2081607.883753;20316525.000000
2081744.978042;20318788.000000
2081137.626798;20320958.000000
2088899.320350;20323832.000000
2080291.133948;20326004.000000
2091938.949711;20328875.000000
2079137.160947;20331354.000000
2087836.421415;20333941.000000
2093610.745235;20336826.000000
2095458.683295;20339993.000000
2088441.634751;20342535.000000
2089971.520704;20345393.000000
2080891.387852;20348114.000000
2089210.603679;20350635.000000
2086735.427614;20353297.000000
2098660.702604;20356605.000000
2095021.696296;20359702.000000
2099574.515981;20362769.000000
2090382.566702;20365646.000000
2087285.208091;20368051.000000
2090966.598253;20370940.000000
2088344.294774;20373773.000000
2092245.374987;20376701.000000
2094357.888294;20379195.000000
2091832.328109;20382058.000000
2089082.506039;20384349.000000
2084427.222593;20386804.000000
2095143.637895;20390245.000000
2087949.689947;20392842.000000
2093256.426034;20395760.000000
2091798.203628;20398495.000000
2098148.624544;20400796.000000
2104924.442947;20403972.000000
2098527.363531;20406481.000000
2090063.443958;20409167.000000
2100882.996016;20412585.000000
2091827.615006;20415152.000000
2078763.216796;20418096.000000
2088066.633433;20421353.000000
2100711.345312;20424430.000000
2094857.355295;20427286.000000
2099967.117163;20429907.000000
2088624.746499;20432391.000000
2106959.592465;20435698.000000
2100926.205494;20438877.000000
2097021.906389;20441249.000000
2096312.646214;20443684.000000
2097731.584110;20446159.000000
2092275.583856;20448547.000000
2093782.357758;20451022.000000
2094040.669126;20453446.000000
2096213.924343;20455924.000000
2090807.210192;20458317.000000
2106194.251314;20460878.000000
2099133.872278;20464328.000000
2112742.439517;20467033.000000
2100738.162644;20469709.000000
2100157.611313;20472580.000000
2101241.720586;20475527.000000
2107778.717790;20478124.000000
2105987.209511;20480759.000000
2110557.938548;20483659.000000
2112776.731185;20486574.000000
2091102.620815;20489118.000000
2098393.920039;20491858.000000
2089256.218856;20494181.000000
2101525.965106;20497049.000000
