2789818.521455;27681610.000000
2783463.927179;27682489.000000
2800442.500334;27683532.000000
2787952.409173;27684383.000000
2804868.742007;27685329.000000
2776358.213771;27685853.000000
2787719.953944;27686889.000000
2793428.279530;27688170.000000
2791934.373930;27688960.000000
2792042.957801;27690036.000000
2786638.903223;27690332.000000
2792745.422974;27691390.000000
2790328.883749;27692188.000000
2791305.514141;27693466.000000
2811087.801421;27694578.000000
2800921.588539;27695272.000000
2796580.173662;27696013.000000
2812014.597393;27697251.000000
2787619.666584;27697863.000000
2803085.668307;27698835.000000
2792424.504582;27700376.000000
2792221.664623;27701793.000000
2796331.436913;27702508.000000
2809640.584510;27703068.000000
2792529.583449;27703941.000000
2781260.190169;27704727.000000
2793746.584168;27705455.000000
2779588.376043;27705500.000000
2787168.255139;27706164.000000
2780285.501112;27706468.000000
2785369.546571;27707476.000000
2795829.221030;27708689.000000
2812176.084233;27709791.000000
2794385.855951;27710642.000000
2805162.428317;27711216.000000
2802484.118045;27711783.000000
2797591.391386;27712607.000000
2808599.245187;27713626.000000
2797376.206539;27714638.000000
2815092.579412;27716363.000000
2784490.542751;27716937.000000
2782079.867182;27717697.000000
2791657.717738;27718843.000000
2796748.900350;27719752.000000
2803448.803188;27721028.000000
2791079.744143;27721816.000000
2788867.847292;27722785.000000
2791176.554749;27723551.000000
2794097.062072;27724745.000000
2801853.706535;27725716.000000
2801991.314586;27726739.000000
2780921.138998;27727250.000000
2795002.825477;27728493.000000
2798604.685581;27729550.000000
2790917.971162;27730642.000000
2797805.729285;27731736.000000
2799563.463822;27732978.000000
2800673.927973;27733828.000000
2804419.250380;27734619.000000
2799797.328582;27735626.000000
2787594.536625;27736296.000000
2798291.079274;27737340.000000
2796899.030800;27738542.000000
2796620.748834;27739246.000000
2791814.026845;27739752.000000
2796942.966271;27740612.000000
2801333.553021;27741779.000000
2795357.921282;27742437.000000
2794134.485108;27743238.000000
2825526.616946;27744661.000000
2792928.206089;27745122.000000
2797099.812554;27745967.000000
2791190.891456;27747055.000000
2800075.817893;27748411.000000
2803109.628307;27749246.000000
2812746.343150;27749923.000000
2801960.925160;27750778.000000
2807509.350540;27752398.000000
2800375.897570;27753617.000000
2800512.659635;27754719.000000
2782198.659065;27755869.000000
2796217.229673;27756514.000000
2823001.649793;27757804.000000
2805247.841501;27758556.000000
2780846.467125;27759538.000000
2790194.625031;27760144.000000
2804813.724988;27761421.000000
2787139.727779;27762258.000000
2815519.452893;27763510.000000
2804551.581569;27764278.000000
2790547.135193;27765409.000000
2808427.896780;27766267.000000
2808185.903899;27766998.000000
2809549.962417;27768024.000000
2786695.083210;27768583.000000
2797564.201152;27768537.000000
2807209.391049;27769669.000000
2796544.309121;27770655.000000
2804063.868719;27771578.000000
2797222.577363;27773425.000000
