1273606.270670;11893153.000000
1269772.621370;11900286.000000
1269720.570634;11906886.000000
1272545.594996;11913762.000000
1269803.949324;11921044.000000
1267460.625938;11927700.000000
1270453.006017;11934277.000000
1273752.233540;11940978.000000
1279015.319496;11948237.000000
1278775.340638;11955205.000000
1276495.479612;11961969.000000
1284233.616004;11969250.000000
1279711.641437;11976047.000000
1283550.499596;11983487.000000
1277730.752114;11990819.000000
1282655.993051;11997567.000000
1282099.244549;12004533.000000
1280345.138085;12011046.000000
1291353.312243;12018489.000000
1278601.566284;12024810.000000
1291416.210893;12032103.000000
1283376.009131;12039068.000000
1282902.727787;12045836.000000
1285280.275179;12052563.000000
1287124.503462;12059253.000000
1295050.648730;12066465.000000
1287873.739715;12073511.000000
1296554.912886;12080511.000000
1300254.476232;12087861.000000
1291243.789298;12094404.000000
1295488.169499;12101577.000000
1290702.763206;12108191.000000
1295192.347151;12115396.000000
1295512.633104;12122094.000000
1291349.841955;12129337.000000
1295162.572564;12136524.000000
1295431.626173;12143384.000000
1294987.087660;12150463.000000
1300535.404930;12157358.000000
1299628.022817;12164480.000000
1305537.157451;12171491.000000
1295041.901559;12178710.000000
1300597.966447;12186210.000000
1298909.682603;12193244.000000
1306551.266096;12200118.000000
1299974.077235;12206211.000000
1302992.406058;12213025.000000
1306957.819085;12220054.000000
1312919.862247;12227814.000000
1302850.967657;12234921.000000
1315249.578174;12242055.000000
1301040.278064;12249006.000000
1309628.557982;12255696.000000
1312440.415028;12262429.000000
1310081.952003;12269065.000000
1309680.295244;12276112.000000
1316931.413824;12283422.000000
1321420.654166;12290606.000000
1324957.116518;12297751.000000
1315276.753042;12304538.000000
1314689.951824;12311675.000000
1311088.025048;12318578.000000
1313043.310052;12325403.000000
1317454.289008;12332489.000000
1325050.044256;12339188.000000
1320839.691451;12346086.000000
1322740.004656;12353571.000000
1319092.463837;12360260.000000
1324137.686582;12367674.000000
1322144.030105;12374626.000000
1324356.279332;12381212.000000
1326945.891245;12388722.000000
1326654.478297;12395352.000000
1325651.307711;12402525.000000
1322896.418208;12409373.000000
1324914.157010;12416359.000000
1326211.120756;12423031.000000
1328336.812833;12430361.000000
1332106.827532;12437285.000000
1326880.878033;12444135.000000
1339931.896708;12451894.000000
1338262.793313;12458726.000000
1325383.128617;12465342.000000
1333428.197933;12472223.000000
1342030.260480;12479510.000000
1333651.331172;12486909.000000
1334909.431470;12494433.000000
1334939.440326;12501351.000000
1337240.877608;12508198.000000
1337489.199079;12515765.000000
1341385.624867;12522587.000000
1340095.508807;12529127.000000
1348543.270644;12536582.000000
1335716.605371;12543437.000000
1344128.949689;12550239.000000
1336955.263562;12556636.000000
1343509.424050;12562962.000000
1352287.287603;12570197.000000
1344427.080862;12577391.000000
1342723.090933;12584559.000000
