1.377924;19.000000
1.516706;25.000000
1.497889;24.000000
1.485502;20.000000
1.444822;14.000000
1.633631;17.000000
1.626335;44.000000
1.636871;9.000000
1.461730;20.000000
1.614614;21.000000
1.631401;40.000000
1.550519;35.000000
1.581069;7.000000
1.469081;53.000000
1.384776;14.000000
1.466606;5.000000
1.532391;5.000000
1.580161;7.000000
1.517693;16.000000
1.552840;19.000000
1.657593;15.000000
1.437381;12.000000
1.443704;18.000000
1.646768;13.000000
1.443139;10.000000
1.483327;13.000000
1.586209;27.000000
1.505035;6.000000
1.441751;16.000000
1.524969;35.000000
1.484574;2.000000
1.415173;8.000000
1.405209;12.000000
1.462896;17.000000
1.530789;18.000000
1.525362;21.000000
1.589162;44.000000
1.639028;25.000000
1.572536;74.000000
1.509466;15.000000
1.592704;18.000000
1.590537;12.000000
1.596607;12.000000
1.480261;2.000000
1.401398;12.000000
1.459819;3.000000
1.483876;21.000000
1.518030;15.000000
1.651136;13.000000
1.422685;16.000000
1.466681;10.000000
1.573236;12.000000
1.453424;17.000000
1.454502;21.000000
1.595537;11.000000
1.481487;6.000000
1.523185;19.000000
1.609243;30.000000
1.589189;38.000000
1.613204;14.000000
1.594524;12.000000
1.567786;9.000000
1.496716;17.000000
1.611848;9.000000
1.520647;13.000000
1.518845;22.000000
1.386838;18.000000
1.576918;26.000000
1.492938;17.000000
1.713077;15.000000
1.459163;16.000000
1.570651;13.000000
1.467545;7.000000
1.521588;9.000000
1.446414;31.000000
1.405884;12.000000
1.501194;19.000000
1.446179;14.000000
1.671488;8.000000
1.465675;4.000000
1.549288;18.000000
1.348449;19.000000
1.463987;7.000000
1.403193;19.000000
1.447893;13.000000
1.425367;7.000000
1.543887;26.000000
1.533521;16.000000
1.537132;50.000000
1.495504;27.000000
1.513662;28.000000
1.434420;7.000000
1.585549;5.000000
1.429521;12.000000
1.525630;15.000000
1.450959;24.000000
1.599121;54.000000
1.494906;13.000000
1.588662;8.000000
1.464154;11.000000
