3510941.534069;34495532.000000
3497317.716552;34497285.000000
3515484.968696;34499144.000000
3500071.950876;34500959.000000
3508570.287867;34503030.000000
3498761.024407;34504950.000000
3492682.624332;34506221.000000
3508138.872116;34508032.000000
3511138.263774;34509991.000000
3504997.973069;34511377.000000
3525867.368392;34513435.000000
3511762.245411;34514860.000000
3518509.327516;34516735.000000
3507432.817678;34518600.000000
3520950.804395;34520256.000000
3510309.656181;34522289.000000
3522776.521191;34524004.000000
3511210.080189;34525770.000000
3505852.746702;34527173.000000
3528765.932707;34529065.000000
3503353.814862;34530085.000000
3514837.428829;34532193.000000
3503300.382532;34533806.000000
3503398.877900;34535676.000000
3502436.159919;34537250.000000
3512506.993982;34539080.000000
3520672.118095;34540890.000000
3513240.768887;34543011.000000
3519152.672180;34545027.000000
3540700.717293;34547236.000000
3529735.142503;34549513.000000
3531127.444269;34550999.000000
3514826.340052;34552559.000000
3538357.690273;34554995.000000
3501890.871490;34556418.000000
3536228.850021;34558391.000000
3516309.819766;34560512.000000
3513525.560954;34562287.000000
3506668.655885;34563952.000000
3519352.848828;34565615.000000
3528122.951361;34567823.000000
3528258.876517;34569995.000000
3528812.231943;34571925.000000
3505011.590513;34573623.000000
3519339.598707;34575686.000000
3519834.019157;34577564.000000
3539038.578629;34580215.000000
3514578.042533;34581802.000000
3536627.307159;34584130.000000
3518205.733240;34586282.000000
3522467.604454;34588880.000000
3515915.655959;34591162.000000
3521274.042228;34592904.000000
3529200.001968;34594933.000000
3530386.593523;34596765.000000
3516105.800108;34598719.000000
3518055.550801;34600279.000000
3528202.248913;34602714.000000
3531723.922982;34604868.000000
3523182.208726;34606816.000000
3531026.492497;34608533.000000
3509702.263633;34609841.000000
3505180.387431;34611068.000000
3529266.072370;34612707.000000
3520245.792859;34614229.000000
3534373.255734;34616168.000000
3511066.258889;34617872.000000
3522515.254768;34619976.000000
3519428.799009;34621772.000000
3518269.530839;34623860.000000
3535324.118542;34626167.000000
3531802.882753;34628793.000000
3517864.852016;34630638.000000
3508750.126686;34632189.000000
3518025.410418;34633958.000000
3526329.356363;34635457.000000
3530757.336080;34637465.000000
3533762.930064;34639162.000000
3532412.143113;34640707.000000
3525430.543268;34642349.000000
3533571.529210;34644501.000000
3523748.682972;34646038.000000
3514756.311769;34648135.000000
3535303.855736;34650066.000000
3511445.523267;34651437.000000
3523386.937906;34653483.000000
3531515.652235;34655220.000000
3525711.773272;34656550.000000
3520720.248896;34658977.000000
3531846.468937;34661296.000000
3540260.398708;34663446.000000
3531249.769395;34665640.000000
3522322.440224;34667719.000000
3532176.859243;34669019.000000
3526880.999770;34670873.000000
3526286.879146;34672866.000000
3528925.352893;34674976.000000
3532657.067621;34676844.000000
3549827.235822;34678524.000000
3523382.570260;34680015.000000
