53836.565648;580575.000000
53073.532601;571421.000000
52314.130330;562170.000000
51158.291247;552586.000000
50600.434573;543039.000000
49394.223096;533841.000000
48518.661680;524507.000000
47790.659366;515191.000000
46874.909328;505806.000000
46148.249421;496350.000000
45340.876199;487253.000000
44258.163415;477765.000000
43796.690993;468717.000000
42727.883661;459384.000000
42017.967377;450191.000000
41051.243730;440889.000000
40238.199711;431419.000000
39529.871584;422787.000000
38448.221180;413216.000000
37596.531256;403712.000000
36600.960741;394128.000000
35910.009342;385130.000000
35051.672095;375883.000000
34139.751716;366383.000000
33278.398705;357184.000000
32499.291637;347551.000000
31725.734033;338302.000000
30662.474083;328439.000000
29708.045167;318735.000000
28970.999859;309398.000000
28029.652347;300356.000000
27127.870583;290631.000000
26191.369673;280838.000000
25536.929761;271877.000000
24569.712626;262462.000000
23756.719430;253515.000000
22887.982402;244237.000000
22203.056602;235343.000000
21344.969055;226385.000000
20344.017807;217168.000000
19570.431581;207477.000000
18815.621418;198563.000000
17810.939950;189214.000000
16974.826054;179599.000000
16071.786040;170011.000000
15205.095188;160424.000000
14385.183340;151417.000000
13512.276038;142182.000000
12775.193587;133392.000000
11859.084736;124319.000000
10994.786693;114922.000000
10178.945919;105395.000000
9287.921253;96579.000000
8475.710583;87479.000000
7624.215518;78086.000000
6771.162842;68778.000000
5899.674920;59352.000000
5064.287840;50187.000000
4120.271199;40063.000000
3278.250821;31015.000000
2413.262694;21384.000000
1564.087640;12348.000000
717.666883;3374.000000
53.071210;2.000000
1.243614;2.000000
1.222460;5.000000
1.233339;11.000000
1.266530;11.000000
1.252844;25.000000
1.275863;21.000000
1.250900;11.000000
1.263052;23.000000
1.283429;23.000000
1.265109;11.000000
1.236053;22.000000
1.315065;12.000000
1.236433;4.000000
1.260579;24.000000
1.335767;4.000000
1.283818;22.000000
1.297279;20.000000
1.277518;19.000000
1.292946;22.000000
1.233431;16.000000
1.244397;19.000000
1.252139;12.000000
1.297948;18.000000
1.207114;11.000000
1.315019;25.000000
1.269544;5.000000
1.252672;6.000000
1.219176;16.000000
1.205169;16.000000
1.232575;20.000000
1.241094;21.000000
1.264524;6.000000
1.239994;23.000000
1.232415;9.000000
1.275475;5.000000
1.214622;5.000000
