1.221137;11.000000
1.263967;12.000000
1.245718;27.000000
1.233537;3.000000
1.256924;18.000000
1.237516;22.000000
1.251351;23.000000
1.292975;22.000000
1.249572;17.000000
1.292643;18.000000
1.219202;8.000000
1.274333;16.000000
1.238653;5.000000
1.269328;33.000000
1.228336;14.000000
1.246425;8.000000
1.296749;5.000000
1.307129;2.000000
1.243011;12.000000
1.267843;19.000000
1.236727;6.000000
1.159095;2.000000
1.333591;13.000000
1.267638;9.000000
1.289433;7.000000
1.249394;11.000000
1.210947;11.000000
1.242857;11.000000
1.274887;12.000000
1.215336;17.000000
1.280519;8.000000
1.235995;14.000000
1.313395;17.000000
1.313011;13.000000
1.250849;13.000000
1.275297;30.000000
1.249446;24.000000
1.303017;20.000000
1.284683;5.000000
1.268774;8.000000
1.278977;8.000000
1.250264;5.000000
1.332395;19.000000
1.246833;14.000000
1.271947;8.000000
1.221953;27.000000
1.250935;5.000000
1.260430;25.000000
1.287026;27.000000
1.289355;11.000000
1.210872;31.000000
1.241503;5.000000
1.240492;14.000000
1.299616;7.000000
1.282286;11.000000
1.232969;24.000000
1.190282;8.000000
1.246216;10.000000
1.303330;14.000000
1.282565;6.000000
1.239768;16.000000
1.297941;16.000000
1.275859;13.000000
1.288525;4.000000
1.239633;7.000000
1.268164;11.000000
1.272740;7.000000
1.298902;25.000000
1.250769;15.000000
1.214504;15.000000
1.230921;20.000000
1.286441;17.000000
1.256052;11.000000
1.260146;2.000000
1.266349;2.000000
1.226466;3.000000
1.241238;22.000000
1.269196;3.000000
1.215898;10.000000
1.258829;15.000000
1.249800;15.000000
1.254452;8.000000
1.213786;11.000000
1.277326;5.000000
1.205579;2.000000
1.281709;7.000000
1.274738;13.000000
1.201070;21.000000
1.249043;11.000000
1.270215;15.000000
1.289971;21.000000
1.293591;22.000000
1.301919;18.000000
1.268336;22.000000
1.259074;3.000000
1.264870;18.000000
1.307917;27.000000
1.228298;9.000000
1.267064;17.000000
1.253788;5.000000
