3280057.613445;32751741.000000
3267403.384683;32751803.000000
3277704.919053;32751715.000000
3269594.357513;32751530.000000
3260014.971118;32751585.000000
3267423.163602;32750948.000000
3260832.126723;32751135.000000
3266008.080775;32751253.000000
3276242.262749;32751146.000000
3279668.819854;32750845.000000
3270904.857807;32750855.000000
3274999.552660;32750777.000000
3278692.046573;32750217.000000
3276780.714541;32750661.000000
3289268.090448;32750933.000000
3297012.610326;32750821.000000
3287936.652904;32750971.000000
3279779.023423;32751090.000000
3274622.801886;32750946.000000
3268968.436102;32751333.000000
3263994.184744;32751528.000000
3271647.411455;32751820.000000
3275681.559450;32751675.000000
3263093.116227;32751053.000000
3282556.313830;32750931.000000
3264143.256352;32750584.000000
3271737.911909;32750778.000000
3261132.527370;32750558.000000
3278218.936927;32750677.000000
3270415.549134;32750852.000000
3297260.787285;32751433.000000
3288881.565037;32751460.000000
3285525.689071;32751422.000000
3283998.218919;32751892.000000
3281105.271177;32752043.000000
3277631.092561;32751561.000000
3260791.478681;32751207.000000
3263395.762560;32751326.000000
3284012.931371;32750951.000000
3279681.339852;32751323.000000
3270890.399257;32751213.000000
3261193.669834;32751221.000000
3272534.995206;32751024.000000
3301308.399752;32751550.000000
3257403.164504;32751227.000000
3256961.236559;32751067.000000
3280070.773194;32751471.000000
3273868.707987;32751752.000000
3281654.291659;32752084.000000
3289581.155371;32752465.000000
3270674.057478;32752734.000000
3280762.370301;32752633.000000
3275993.125645;32752612.000000
3287123.047281;32752738.000000
3285440.688357;32752876.000000
3277171.709656;32752675.000000
3279773.468394;32752895.000000
3291624.993720;32752832.000000
3264828.160364;32752447.000000
3281134.893181;32752648.000000
3269438.910416;32752477.000000
3285646.672381;32751970.000000
3278376.449703;32752484.000000
3263324.274304;32752011.000000
3276652.890357;32752271.000000
3270859.066279;32752114.000000
3285278.773562;32752166.000000
3288245.155117;32752345.000000
3256448.036403;32752166.000000
3282110.287718;32752663.000000
3275723.534726;32752597.000000
3284562.104081;32752645.000000
3283174.202862;32752895.000000
3283062.512464;32753012.000000
3266198.925588;32753412.000000
3281674.915094;32753510.000000
3273762.109131;32753069.000000
3290917.600184;32753619.000000
3276880.762162;32754208.000000
3270258.436111;32754196.000000
3275160.031711;32754514.000000
3276357.935942;32754464.000000
3293885.592341;32754780.000000
3284451.163377;32754563.000000
3279494.751296;32754785.000000
3282220.000221;32755203.000000
3294204.112625;32755176.000000
3287719.196964;32755438.000000
3259071.062915;32755739.000000
3283671.645798;32755540.000000
3266992.160178;32754885.000000
3283928.679424;32755443.000000
3277312.125001;32755059.000000
3273703.299756;32755060.000000
3279521.230626;32755120.000000
3287567.071739;32755341.000000
3269552.038602;32755168.000000
3291087.487115;32755702.000000
3285365.982684;32756194.000000
3276578.568365;32755916.000000
