1945090.005657;19257088.000000
1938062.969517;19258062.000000
1933088.868956;19258624.000000
1946088.986704;19259325.000000
1949293.337083;19260152.000000
1935911.720417;19260853.000000
1938343.591081;19261847.000000
1942540.215449;19262772.000000
1948861.325087;19264154.000000
1949183.448228;19265426.000000
1945534.456379;19266546.000000
1946634.377084;19266956.000000
1949952.624171;19267947.000000
1950240.859928;19269326.000000
1950937.382779;19270205.000000
1941115.442019;19270771.000000
1943915.757483;19271425.000000
1961974.958534;19272934.000000
1953886.199486;19273935.000000
1954679.020623;19275439.000000
1949285.584722;19276782.000000
1944587.579981;19277531.000000
1954438.831008;19278676.000000
1939003.233256;19279497.000000
1951809.197126;19280931.000000
1955906.819973;19281825.000000
1939911.727746;19282962.000000
1943447.225859;19283412.000000
1949099.695306;19284155.000000
1957628.759509;19285552.000000
1946048.676447;19286428.000000
1947074.753675;19287455.000000
1951467.584367;19288396.000000
1955694.526939;19289616.000000
1947482.531738;19291574.000000
1955310.950589;19292660.000000
1959114.513776;19293785.000000
1950609.390261;19295213.000000
1954241.208558;19296510.000000
1943539.000424;19296978.000000
1955067.661788;19297547.000000
1947430.768971;19298507.000000
1935247.853847;19299368.000000
1951538.438958;19300449.000000
1953036.582184;19301546.000000
1941412.106117;19301847.000000
1962822.124315;19303455.000000
1948599.735400;19303771.000000
1944329.184080;19304837.000000
1937431.202488;19305564.000000
1954206.782529;19306719.000000
1949981.070043;19307508.000000
1956462.405402;19309036.000000
1954205.474361;19310166.000000
1952677.323717;19310933.000000
1945043.545739;19311936.000000
1935366.720568;19312302.000000
1946419.336168;19313405.000000
1954383.586086;19314690.000000
1953495.480458;19315777.000000
1953332.722038;19317297.000000
1959293.376641;19318768.000000
1946889.039657;19319451.000000
1954359.185106;19321157.000000
1939841.054519;19321143.000000
1952008.256316;19322325.000000
1933669.738316;19323030.000000
1944477.585077;19323731.000000
1948109.070433;19324759.000000
1953253.455889;19325456.000000
1952312.153314;19326386.000000
1954590.983768;19327826.000000
1958370.276252;19329316.000000
1947913.522403;19330248.000000
1949402.759225;19330978.000000
1952145.655701;19332424.000000
1947584.566305;19333623.000000
1943488.161202;19334044.000000
1952389.772869;19335111.000000
1946346.737842;19335681.000000
1948561.934190;19336719.000000
1960871.459274;19337805.000000
1960274.145798;19338635.000000
1950763.297167;19339321.000000
1951838.969994;19340048.000000
1961249.795014;19341133.000000
1961341.052289;19342563.000000
1959504.726520;19343974.000000
1959231.680406;19345636.000000
1953432.214608;19346987.000000
1947294.919071;19347848.000000
1949323.086536;19349031.000000
1959298.634992;19350506.000000
1959648.343877;19351398.000000
1962558.508764;19352866.000000
1953654.447327;19353587.000000
1953180.374436;19354316.000000
1953498.217304;19355343.000000
1958813.903031;19356331.000000
1959214.272584;19357170.000000
