1.290505;19.000000
1.290834;13.000000
1.319771;12.000000
1.296771;19.000000
1.294232;15.000000
1.272643;12.000000
1.380904;4.000000
1.328432;22.000000
1.289313;3.000000
1.305782;16.000000
1.264817;9.000000
1.361977;9.000000
1.343762;21.000000
1.348304;29.000000
1.303232;3.000000
1.343015;18.000000
1.311108;14.000000
1.345005;7.000000
1.387276;2.000000
1.316939;30.000000
1.324257;10.000000
1.367250;4.000000
1.389664;9.000000
1.369965;15.000000
1.342775;4.000000
1.309092;9.000000
1.367963;8.000000
1.325600;17.000000
1.366905;19.000000
1.286164;11.000000
1.415151;31.000000
1.321579;14.000000
1.372323;11.000000
1.390875;11.000000
1.305142;9.000000
1.357913;18.000000
1.348964;27.000000
1.367808;19.000000
1.307988;20.000000
1.335430;18.000000
1.305111;20.000000
1.314422;5.000000
1.291746;19.000000
1.475881;12.000000
1.320305;18.000000
1.311719;9.000000
1.290403;8.000000
1.316653;22.000000
1.332706;22.000000
1.392047;9.000000
1.349713;17.000000
1.292660;20.000000
1.280569;21.000000
1.266672;9.000000
1.451854;16.000000
1.355704;17.000000
1.327042;4.000000
1.319790;14.000000
1.317348;6.000000
1.335288;40.000000
1.326965;9.000000
1.362469;51.000000
1.275806;15.000000
1.373622;13.000000
1.392461;9.000000
1.299710;4.000000
1.313948;20.000000
1.343273;22.000000
1.244579;20.000000
1.289377;9.000000
1.302545;4.000000
1.306612;30.000000
1.326893;7.000000
1.406324;4.000000
1.397754;14.000000
1.281527;14.000000
1.407793;24.000000
1.338774;6.000000
1.331309;23.000000
1.330120;7.000000
1.356777;16.000000
1.252535;2.000000
1.309139;21.000000
1.378821;19.000000
1.363111;8.000000
1.319141;20.000000
1.302533;21.000000
1.346152;11.000000
1.476643;22.000000
1.289827;19.000000
1.464820;9.000000
1.282825;21.000000
1.325747;4.000000
1.336614;3.000000
1.404771;6.000000
1.384055;9.000000
1.290978;8.000000
1.418161;16.000000
1.262873;24.000000
1.321352;5.000000
