1.206011;13.000000
1.285664;13.000000
1.293410;28.000000
1.264727;27.000000
1.276600;3.000000
1.353698;9.000000
1.281691;7.000000
1.292433;21.000000
1.320444;24.000000
1.272762;10.000000
1.261414;6.000000
1.242036;35.000000
1.252447;13.000000
1.291389;18.000000
1.294739;3.000000
1.274877;14.000000
1.306258;18.000000
1.310178;10.000000
1.346123;10.000000
1.240157;18.000000
1.278303;9.000000
1.250599;19.000000
1.275541;10.000000
1.259499;22.000000
1.284608;19.000000
1.280578;13.000000
1.291232;22.000000
1.259866;26.000000
1.310190;9.000000
1.260404;16.000000
1.291146;16.000000
1.303577;12.000000
1.239207;8.000000
1.230069;35.000000
1.238695;10.000000
1.254196;11.000000
1.278829;18.000000
1.348073;27.000000
1.312302;10.000000
1.346777;4.000000
1.224313;6.000000
1.255435;3.000000
1.301066;11.000000
1.331297;21.000000
1.244601;10.000000
1.295129;5.000000
1.255137;12.000000
1.323538;16.000000
1.268367;19.000000
1.259429;9.000000
1.264208;4.000000
1.297282;32.000000
1.313952;6.000000
1.286298;10.000000
1.251768;16.000000
1.280164;15.000000
1.261164;13.000000
1.357669;17.000000
1.260584;13.000000
1.258109;25.000000
1.217520;20.000000
1.281761;22.000000
1.246300;23.000000
1.398703;8.000000
1.407503;7.000000
1.218858;4.000000
1.267334;8.000000
1.254420;4.000000
1.320874;15.000000
1.236797;4.000000
1.282596;11.000000
1.292672;7.000000
1.346799;7.000000
1.354191;15.000000
1.351648;8.000000
1.227973;1.000000
1.225226;5.000000
1.344549;11.000000
1.399627;6.000000
1.213218;18.000000
1.371009;1.000000
1.257891;8.000000
1.297504;5.000000
1.247648;18.000000
1.400994;10.000000
1.315428;23.000000
1.309190;16.000000
1.246276;18.000000
1.314067;2.000000
1.234390;9.000000
1.292107;16.000000
1.260809;5.000000
1.240805;7.000000
1.311524;11.000000
1.277120;7.000000
1.260204;24.000000
1.268165;5.000000
1.242118;13.000000
1.287369;34.000000
1.274399;7.000000
