1.349211;9.000000
1.386666;19.000000
1.334688;9.000000
1.372819;6.000000
1.444342;10.000000
1.351589;16.000000
1.469987;20.000000
1.411196;11.000000
1.378005;1.000000
1.361156;4.000000
1.427325;19.000000
1.343049;32.000000
1.366450;11.000000
1.431963;4.000000
1.462676;20.000000
1.370668;15.000000
1.460297;38.000000
1.426656;29.000000
1.555750;7.000000
1.415580;20.000000
1.403323;10.000000
1.470826;18.000000
1.375136;25.000000
1.364949;6.000000
1.420621;8.000000
1.412536;45.000000
1.469035;6.000000
1.470607;42.000000
1.459587;5.000000
1.374167;9.000000
1.377301;22.000000
1.439755;3.000000
1.376569;12.000000
1.403063;6.000000
1.311368;11.000000
1.478289;2.000000
1.356359;12.000000
1.473042;12.000000
1.508395;6.000000
1.495160;8.000000
1.360955;23.000000
1.344988;65.000000
1.356361;10.000000
1.372868;14.000000
1.485729;4.000000
1.472448;5.000000
1.493601;11.000000
1.392190;3.000000
1.505653;14.000000
1.425839;37.000000
1.443153;3.000000
1.462675;25.000000
1.411818;28.000000
1.441138;10.000000
1.374374;12.000000
1.480827;9.000000
1.365887;26.000000
1.497794;41.000000
1.492810;22.000000
1.363897;3.000000
1.377641;30.000000
1.399296;21.000000
1.378536;17.000000
1.337811;8.000000
1.465682;10.000000
1.459695;37.000000
1.353123;23.000000
1.389864;33.000000
1.511374;7.000000
1.445573;12.000000
1.360342;12.000000
1.504808;8.000000
1.397198;14.000000
1.333155;12.000000
1.446656;30.000000
1.418113;18.000000
1.419478;8.000000
1.370816;20.000000
1.456390;11.000000
1.321325;10.000000
1.395127;21.000000
1.354351;23.000000
1.588362;10.000000
1.379483;12.000000
1.383635;40.000000
1.346132;17.000000
1.402077;27.000000
1.458411;53.000000
1.356388;24.000000
1.339129;16.000000
1.563969;28.000000
1.438081;21.000000
1.333910;11.000000
1.511340;9.000000
1.461751;25.000000
1.425547;7.000000
1.554182;9.000000
1.371969;4.000000
1.611301;22.000000
1.397525;12.000000
