1.279047;16.000000
1.356063;7.000000
1.294930;9.000000
1.354834;12.000000
1.292672;15.000000
1.290014;6.000000
1.407813;11.000000
1.317504;4.000000
1.312281;48.000000
1.282116;14.000000
1.328740;40.000000
1.315905;4.000000
1.339011;15.000000
1.402224;9.000000
1.330171;7.000000
1.343044;3.000000
1.349179;30.000000
1.262689;8.000000
1.335029;10.000000
1.225919;4.000000
1.292312;18.000000
1.322705;17.000000
1.318220;32.000000
1.344692;6.000000
1.373748;6.000000
1.418760;21.000000
1.304465;23.000000
1.280971;20.000000
1.384962;7.000000
1.359992;52.000000
1.301400;20.000000
1.394993;27.000000
1.282215;11.000000
1.378223;19.000000
1.377361;7.000000
1.314869;25.000000
1.354566;7.000000
1.325675;11.000000
1.361795;21.000000
1.424236;12.000000
1.401734;12.000000
1.308544;25.000000
1.363058;12.000000
1.451603;23.000000
1.334184;31.000000
1.314438;22.000000
1.303718;30.000000
1.286963;10.000000
1.308807;8.000000
1.324109;12.000000
1.355376;15.000000
1.381949;3.000000
1.310126;11.000000
1.318454;21.000000
1.353179;25.000000
1.327786;12.000000
1.306115;32.000000
1.327975;21.000000
1.316526;11.000000
1.353914;10.000000
1.330772;24.000000
1.329525;4.000000
1.357272;3.000000
1.308488;11.000000
1.336194;11.000000
1.318314;23.000000
1.302324;28.000000
1.281656;19.000000
1.362561;25.000000
1.312598;13.000000
1.279425;3.000000
1.364903;25.000000
1.394549;10.000000
1.358771;6.000000
1.302667;7.000000
1.316357;9.000000
1.322128;13.000000
1.323661;7.000000
1.285799;18.000000
1.329778;14.000000
1.334644;7.000000
1.296038;16.000000
1.312258;4.000000
1.304034;31.000000
1.305288;18.000000
1.327713;7.000000
1.223399;27.000000
1.351915;15.000000
1.322951;17.000000
1.354667;9.000000
1.342594;18.000000
1.369385;11.000000
1.345440;22.000000
1.416849;22.000000
1.393356;15.000000
1.337405;27.000000
1.334316;9.000000
1.375630;15.000000
1.340834;13.000000
1.360642;13.000000
