1.063596;9.000000
1.127601;9.000000
1.094562;16.000000
1.117099;16.000000
1.131083;8.000000
1.072258;13.000000
1.164404;7.000000
1.090521;31.000000
1.084633;10.000000
1.094759;33.000000
1.084724;7.000000
1.120910;14.000000
1.088746;13.000000
1.111571;14.000000
1.115237;23.000000
1.106696;31.000000
1.100255;19.000000
1.133590;8.000000
1.108467;37.000000
1.080310;21.000000
1.094679;21.000000
1.145915;4.000000
1.063155;11.000000
1.107696;24.000000
1.087364;10.000000
1.153055;19.000000
1.115055;4.000000
1.118009;6.000000
1.100127;11.000000
1.147169;6.000000
1.118199;11.000000
1.118547;26.000000
1.079789;12.000000
1.117718;13.000000
1.099576;4.000000
1.123536;11.000000
1.110293;18.000000
1.121244;11.000000
1.114959;10.000000
1.085588;26.000000
1.134544;7.000000
1.114457;27.000000
1.056031;10.000000
1.113343;8.000000
1.084084;10.000000
1.121327;10.000000
1.084074;10.000000
1.124550;21.000000
1.120421;2.000000
1.084918;28.000000
1.138764;2.000000
1.093962;12.000000
1.143935;5.000000
1.094043;7.000000
1.078281;9.000000
1.148964;15.000000
1.127800;11.000000
1.123419;17.000000
1.148458;20.000000
1.111613;18.000000
1.109342;21.000000
1.152082;12.000000
1.103871;27.000000
1.097782;21.000000
1.157087;11.000000
1.147120;21.000000
1.097598;14.000000
1.092540;13.000000
1.130290;10.000000
1.135024;10.000000
1.136460;8.000000
1.092826;4.000000
1.141339;9.000000
1.084286;10.000000
1.093440;7.000000
1.089188;3.000000
1.085446;10.000000
1.138910;5.000000
1.075476;2.000000
1.127692;16.000000
1.111685;9.000000
1.083678;9.000000
1.119320;26.000000
1.098574;8.000000
1.118058;22.000000
1.116401;12.000000
1.139167;23.000000
1.103014;13.000000
1.111321;3.000000
1.094798;7.000000
1.130519;4.000000
1.118961;5.000000
1.134210;13.000000
1.095092;20.000000
1.090684;23.000000
1.126391;24.000000
1.129959;21.000000
1.118144;12.000000
1.094615;13.000000
1.143623;11.000000
