131325.308815;1408639.000000
130392.514967;1400425.000000
129839.536752;1392052.000000
128791.765871;1383734.000000
127855.030380;1375363.000000
126952.931509;1366803.000000
126159.263687;1358366.000000
126463.348081;1350524.000000
124992.569098;1342342.000000
124529.404077;1334592.000000
123237.113037;1326161.000000
122625.175547;1318023.000000
122428.589854;1309474.000000
121199.888878;1301225.000000
119881.281150;1292611.000000
119915.962829;1284435.000000
118523.256505;1275664.000000
118075.259899;1267110.000000
116506.435584;1258482.000000
115873.501830;1249726.000000
115036.788682;1241605.000000
114470.485066;1233105.000000
114390.243963;1224762.000000
113913.138643;1216751.000000
111923.842001;1207761.000000
111821.691321;1199229.000000
111470.093787;1191268.000000
110157.721427;1182944.000000
109875.833708;1174889.000000
108757.501803;1166749.000000
108247.322903;1158562.000000
107197.714145;1150275.000000
106610.590844;1142359.000000
105468.263901;1133847.000000
105045.395581;1125952.000000
104025.725756;1117179.000000
103386.254437;1109093.000000
102995.498106;1101246.000000
101723.910854;1092825.000000
100986.897483;1084635.000000
100596.080234;1076035.000000
99582.780687;1067902.000000
98719.438369;1058868.000000
98564.808267;1051219.000000
97181.637894;1043110.000000
96792.131060;1035450.000000
95891.285852;1027151.000000
95210.553523;1018689.000000
93710.969024;1010620.000000
92703.651940;1001828.000000
92975.788946;994038.000000
91659.897018;985290.000000
91196.388514;976933.000000
90309.970848;969169.000000
89373.897659;960492.000000
88552.944372;951831.000000
87965.511413;943794.000000
87431.869360;935231.000000
86722.244710;927467.000000
85881.842026;919405.000000
84899.091055;911055.000000
84373.494739;902973.000000
83602.173212;894605.000000
82600.850091;886280.000000
81779.618147;878161.000000
80836.977380;869720.000000
80698.823325;862038.000000
79640.438405;853550.000000
78987.904799;845200.000000
78023.223947;836801.000000
77489.907900;828324.000000
76269.917965;819977.000000
75612.041021;811213.000000
75077.305201;803086.000000
73917.117378;794745.000000
73708.402231;786516.000000
72646.985315;777951.000000
71603.912224;769497.000000
70858.752615;761388.000000
70434.791636;753135.000000
69543.507779;745103.000000
68783.560039;736435.000000
68279.644922;728550.000000
67361.341954;720271.000000
66518.550431;712370.000000
65750.156124;703733.000000
65345.996063;695905.000000
64463.704101;687722.000000
63290.827495;679673.000000
62889.264628;671281.000000
62231.604791;663507.000000
61518.445234;655415.000000
60689.793805;647205.000000
60027.890628;639992.000000
58829.460449;631417.000000
58323.759915;622735.000000
57660.568981;614615.000000
56870.750019;606793.000000
56065.055610;598393.000000
55026.599037;590213.000000
