1.123692;31.000000
1.186195;17.000000
1.221191;30.000000
1.189639;10.000000
1.191446;6.000000
1.156992;12.000000
1.223504;7.000000
1.203971;9.000000
1.183139;13.000000
1.224480;9.000000
1.143073;16.000000
1.211608;11.000000
1.240884;14.000000
1.189921;9.000000
1.173104;12.000000
1.144525;10.000000
1.203220;17.000000
1.258143;5.000000
1.140769;31.000000
1.250487;14.000000
1.157194;9.000000
1.130915;8.000000
1.209464;10.000000
1.147189;7.000000
1.222409;33.000000
1.194626;17.000000
1.231119;14.000000
1.143049;12.000000
1.197584;12.000000
1.203527;7.000000
1.172329;19.000000
1.165187;15.000000
1.175750;2.000000
1.256473;20.000000
1.171033;8.000000
1.206655;9.000000
1.131404;15.000000
1.182850;10.000000
1.202191;13.000000
1.151813;6.000000
1.167189;2.000000
1.162856;11.000000
1.176705;11.000000
1.210329;30.000000
1.231486;2.000000
1.216554;5.000000
1.172223;15.000000
1.139487;8.000000
1.229276;11.000000
1.226624;7.000000
1.251170;12.000000
1.208602;29.000000
1.146675;10.000000
1.150543;18.000000
1.234270;26.000000
1.169942;8.000000
1.219352;21.000000
1.219197;27.000000
1.144131;5.000000
1.234293;24.000000
1.231029;23.000000
1.174006;14.000000
1.220241;20.000000
1.210483;10.000000
1.225948;19.000000
1.190204;4.000000
1.255157;10.000000
1.215388;23.000000
1.151976;16.000000
1.207502;22.000000
1.161155;30.000000
1.227867;3.000000
1.240230;11.000000
1.171103;5.000000
1.189461;9.000000
1.155933;10.000000
1.170139;10.000000
1.240076;5.000000
1.242709;25.000000
1.167444;21.000000
1.090976;14.000000
1.196826;6.000000
1.160463;9.000000
1.237370;10.000000
1.196539;13.000000
1.209654;27.000000
1.168508;10.000000
1.187777;9.000000
1.188871;22.000000
1.185208;6.000000
1.219210;20.000000
1.143315;10.000000
1.189270;7.000000
1.223986;6.000000
1.185309;14.000000
1.178442;2.000000
1.166674;12.000000
1.154921;15.000000
1.271417;14.000000
1.235252;13.000000
