2086370.342285;22160403.000000
2083653.462179;22153715.000000
2085802.823841;22147014.000000
2092283.156743;22140562.000000
2079391.910819;22133655.000000
2072592.235919;22126820.000000
2079033.058874;22120393.000000
2079256.124614;22114010.000000
2086083.313032;22107458.000000
2079489.704445;22100756.000000
2078035.232498;22094039.000000
2080683.324352;22087574.000000
2079754.208157;22080826.000000
2076715.393603;22073728.000000
2093597.201721;22067410.000000
2079773.693273;22060875.000000
2089691.015210;22054910.000000
2067283.434705;22047792.000000
2065170.912541;22040441.000000
2071755.882312;22034514.000000
2079561.029872;22028047.000000
2076776.810068;22021211.000000
2070684.461357;22014543.000000
2078372.423482;22007581.000000
2057192.921937;22000776.000000
2062331.152101;21993454.000000
2081798.752986;21987072.000000
2068325.461391;21979980.000000
2060315.762595;21973038.000000
2065470.391847;21966240.000000
2061251.758156;21959593.000000
2065772.544396;21953080.000000
2054503.383548;21946110.000000
2059050.334124;21939549.000000
2058705.490561;21932675.000000
2062243.263633;21925820.000000
2071449.972236;21919502.000000
2058484.013621;21912492.000000
2066534.776569;21905844.000000
2057345.102511;21898876.000000
2065518.979914;21891666.000000
2058028.640163;21884787.000000
2076250.117520;21878459.000000
2056055.439445;21871895.000000
2059552.500599;21865346.000000
2057334.234385;21858645.000000
2055913.200030;21852097.000000
2058172.344960;21845018.000000
2056395.113313;21838092.000000
2056732.272401;21831299.000000
2061276.975366;21824982.000000
2059230.253604;21818411.000000
2049837.829371;21811589.000000
2053850.642423;21804716.000000
2042973.210749;21797595.000000
2057932.593905;21790701.000000
2055587.088747;21784621.000000
2052250.353490;21777580.000000
2045368.139831;21770816.000000
2049606.648319;21764125.000000
2055974.861890;21757715.000000
2049081.819743;21750717.000000
2050455.391921;21744331.000000
2053565.836009;21737818.000000
2042230.670136;21730706.000000
2045857.084996;21724067.000000
2046199.981590;21717630.000000
2047440.957704;21711268.000000
2039185.913078;21704559.000000
2040726.167097;21697220.000000
2043124.805587;21690406.000000
2048353.866761;21683890.000000
2036901.519694;21676947.000000
2042390.198805;21670365.000000
2035642.432173;21663529.000000
2035402.883351;21656853.000000
2037996.680570;21650296.000000
2037033.422283;21643328.000000
2040106.430128;21636331.000000
2039715.709544;21630048.000000
2037344.163674;21623585.000000
2037426.407854;21617104.000000
2032638.115461;21610246.000000
2026179.941034;21603245.000000
2042474.787309;21596431.000000
2022787.095065;21589111.000000
2030929.945085;21582197.000000
2037900.825861;21575997.000000
2034236.332616;21569312.000000
2022283.955190;21562281.000000
2022594.425353;21555717.000000
2028580.696669;21549003.000000
2032112.897380;21542466.000000
2031690.606956;21535613.000000
2029822.248257;21528303.000000
2032699.236648;21521527.000000
2016655.743371;21514144.000000
2028095.810814;21507848.000000
2028190.326089;21501775.000000
2021748.037261;21494946.000000
