2664593.330768;24671809.000000
2661998.686375;24680012.000000
2644472.831752;24687403.000000
2667952.819008;24695382.000000
2658604.388937;24702800.000000
2659554.450255;24710784.000000
2669262.975297;24717798.000000
2659773.780912;24725066.000000
2674653.922885;24732676.000000
2678062.882318;24740601.000000
2655700.625580;24747941.000000
2673246.652982;24755358.000000
2663207.328792;24762987.000000
2677538.219787;24770736.000000
2674331.536274;24778385.000000
2664059.483128;24785956.000000
2663755.519888;24794269.000000
2692354.055078;24802572.000000
2666297.733590;24810440.000000
2674950.586494;24818159.000000
2670089.995741;24825938.000000
2683593.599303;24833604.000000
2680654.749932;24841253.000000
2685150.499718;24849195.000000
2671843.084346;24856987.000000
2693447.293871;24865463.000000
2691686.552899;24873839.000000
2700053.853176;24881919.000000
2689457.963991;24889612.000000
2659517.865528;24896920.000000
2697637.029540;24904780.000000
2692026.912005;24912639.000000
2687308.329589;24920767.000000
2687291.188576;24928459.000000
2684248.979699;24936487.000000
2681588.987364;24943603.000000
2671094.247693;24950920.000000
2674922.319090;24958270.000000
2681260.814592;24965646.000000
2702628.149693;24974004.000000
2694155.813133;24981673.000000
2702632.661629;24989384.000000
2706108.109619;24997735.000000
2693278.393685;25005723.000000
2690100.051821;25013397.000000
2725108.907637;25021748.000000
2701235.988561;25029644.000000
2705811.853613;25037373.000000
2708905.320595;25045329.000000
2700319.473034;25052702.000000
2710944.787775;25060196.000000
2700578.475149;25068140.000000
2703685.341963;25075932.000000
2713783.729914;25083961.000000
2711108.714298;25091946.000000
2699177.650021;25099054.000000
2720847.751295;25107265.000000
2699379.802791;25115101.000000
2714129.902886;25123257.000000
2715910.915793;25131003.000000
2715826.807607;25138888.000000
2714542.672818;25146273.000000
2721799.255991;25154650.000000
2725157.243373;25162733.000000
2713074.021547;25170541.000000
2705622.144211;25178333.000000
2713934.229118;25186515.000000
2710665.841181;25194336.000000
2733603.635899;25202857.000000
2741576.753775;25210994.000000
2728454.651522;25219399.000000
2722976.241474;25227298.000000
2716572.709957;25235006.000000
2733782.672869;25243011.000000
2714551.765868;25250817.000000
2719311.230272;25258374.000000
2725047.208271;25266100.000000
2718103.958571;25273676.000000
2724069.887715;25281482.000000
2713016.981112;25288945.000000
2726301.548856;25296595.000000
2719842.451514;25304326.000000
2725343.623075;25312286.000000
2732619.212483;25320169.000000
2739824.715126;25328003.000000
2737628.243302;25335967.000000
2727407.319581;25343590.000000
2742462.623056;25351354.000000
2733974.083046;25359014.000000
2740083.499401;25367053.000000
2730774.866986;25374554.000000
2737411.939056;25381852.000000
2726734.603083;25389304.000000
2732330.992627;25396902.000000
2742015.540521;25404856.000000
2737805.840196;25412435.000000
2750500.168920;25420692.000000
2739568.939143;25428292.000000
2744366.584185;25436106.000000
2741839.278675;25444089.000000
