2706086.362404;27217816.000000
2701474.434629;27217303.000000
2715910.242356;27216890.000000
2705197.242859;27216220.000000
2694222.359719;27215654.000000
2703582.930850;27214579.000000
2697571.897193;27214143.000000
2707122.911012;27213903.000000
2710311.555713;27213265.000000
2707884.433182;27212661.000000
2695064.312181;27211715.000000
2718647.589239;27210758.000000
2692120.154218;27209984.000000
2719794.582346;27209737.000000
2708471.258853;27209138.000000
2708428.684267;27208822.000000
2705900.445919;27208465.000000
2720102.865372;27207835.000000
2712628.140223;27206858.000000
2715539.457502;27206450.000000
2728445.082051;27206259.000000
2699728.556657;27205331.000000
2704670.316660;27204624.000000
2704852.451336;27204554.000000
2689061.312637;27203816.000000
2697826.573944;27202924.000000
2703207.634834;27202271.000000
2694536.926728;27201594.000000
2696148.009494;27200669.000000
2714768.690652;27199711.000000
2698049.408809;27199196.000000
2710302.448040;27198677.000000
2713055.963414;27198284.000000
2712726.570123;27197582.000000
2718411.326953;27197251.000000
2699647.639813;27196971.000000
2692844.550808;27196470.000000
2698840.257876;27195477.000000
2709515.753032;27194627.000000
2699334.059228;27194016.000000
2710602.110481;27193617.000000
2701509.855359;27192935.000000
2695070.741977;27192397.000000
2701674.227635;27191616.000000
2705163.967578;27191186.000000
2685175.943320;27189908.000000
2710251.722977;27188948.000000
2697629.037797;27188298.000000
2715792.464957;27188168.000000
2706472.877200;27187500.000000
2702241.016962;27186947.000000
2699245.567004;27186323.000000
2718862.520195;27185860.000000
2698787.577925;27185147.000000
2695306.257215;27184546.000000
2708529.939924;27183614.000000
2713556.380984;27183285.000000
2712809.370365;27182916.000000
2702374.508640;27182015.000000
2703020.108437;27181276.000000
2708167.775155;27180991.000000
2710020.343508;27180475.000000
2702268.038169;27180200.000000
2700390.124654;27179165.000000
2695104.329100;27178540.000000
2705312.629425;27177778.000000
2716119.902391;27177049.000000
2697970.104879;27176482.000000
2706148.505636;27176047.000000
2712036.556309;27175417.000000
2712758.855761;27174755.000000
2699878.000713;27173628.000000
2704918.557759;27173423.000000
2708260.760166;27173068.000000
2702519.329123;27172413.000000
2720648.069223;27172001.000000
2692350.339916;27171286.000000
2705007.632580;27171117.000000
2711119.671056;27170932.000000
2695867.259992;27171028.000000
2697536.340422;27170028.000000
2694598.578050;27168760.000000
2700436.188111;27168043.000000
2696666.364987;27167555.000000
2709163.062298;27167145.000000
2701209.919237;27166688.000000
2704080.722692;27165923.000000
2707566.249447;27165327.000000
2716049.857379;27164865.000000
2702877.369359;27164529.000000
2691748.511510;27163283.000000
2714455.510028;27162823.000000
2723722.223140;27162939.000000
2704690.363537;27162634.000000
2691332.384165;27161812.000000
2690570.217390;27160862.000000
2687159.913198;27160494.000000
2716108.312636;27160180.000000
2708476.078931;27159694.000000
2693187.114130;27158862.000000
