3246973.286451;32639576.000000
3242475.370064;32639136.000000
3258027.338777;32638762.000000
3249807.941403;32638274.000000
3248868.169737;32638047.000000
3240446.448565;32637591.000000
3228384.674276;32636349.000000
3255045.812325;32636032.000000
3255713.980106;32635628.000000
3245195.535620;32635041.000000
3247781.485859;32633931.000000
3248016.779232;32633469.000000
3228858.374019;32632582.000000
3252841.538615;32632063.000000
3251244.845316;32631261.000000
3252639.932059;32630541.000000
3262384.116480;32630224.000000
3240962.353018;32629583.000000
3247715.666191;32628861.000000
3242612.605501;32629015.000000
3247080.887207;32629061.000000
3234564.909037;32628819.000000
3244393.251212;32627675.000000
3246716.904362;32626696.000000
3252460.421125;32626392.000000
3258442.314805;32626034.000000
3250500.517822;32625161.000000
3239577.264822;32624347.000000
3245815.217060;32624010.000000
3233614.851452;32623304.000000
3232893.369627;32622549.000000
3262931.271919;32622194.000000
3254372.422468;32621778.000000
3251107.710004;32620904.000000
3262889.613880;32620622.000000
3241652.468868;32619903.000000
3262175.596802;32619793.000000
3261392.082015;32619417.000000
3252652.900511;32618528.000000
3255605.907038;32618626.000000
3233223.684476;32617726.000000
3250223.473520;32617033.000000
3252048.971505;32616551.000000
3250014.196954;32616156.000000
3233987.673242;32615514.000000
3238589.367983;32614728.000000
3248961.502170;32614584.000000
3240510.982333;32613961.000000
3232565.480131;32612792.000000
3222269.928308;32612169.000000
3256954.163195;32611835.000000
3264594.048419;32611067.000000
3232172.431788;32610065.000000
3259287.653276;32609755.000000
3244010.433802;32609276.000000
3241812.494863;32608648.000000
3239653.795535;32608033.000000
3240142.728542;32607100.000000
3223363.535834;32606135.000000
3245139.656293;32605609.000000
3261395.437703;32605790.000000
3229359.014977;32604740.000000
3249245.900089;32604309.000000
3244088.900562;32603299.000000
3240505.612731;32602989.000000
3258078.774017;32602674.000000
3257578.983338;32602021.000000
3259016.401708;32601560.000000
3249631.179788;32600960.000000
3241207.254417;32600501.000000
3248832.052782;32599544.000000
3248468.078664;32599102.000000
3241973.460061;32598790.000000
3250605.204566;32598586.000000
3234409.183195;32597442.000000
3241248.031989;32597173.000000
3254358.653949;32596742.000000
3264214.778528;32596711.000000
3248149.137133;32596214.000000
3239115.282876;32595792.000000
3246260.669764;32595201.000000
3264959.178430;32594864.000000
3249943.962191;32594022.000000
3237596.533382;32593408.000000
3249254.288050;32592586.000000
3231538.015009;32591810.000000
3259786.477522;32591670.000000
3238496.694766;32590949.000000
3250392.431617;32590485.000000
3238914.772849;32590296.000000
3227013.613500;32589040.000000
3245747.188171;32588695.000000
3248692.437998;32587826.000000
3232991.515190;32586898.000000
3248174.026940;32586296.000000
3236089.291270;32585406.000000
3243235.990087;32585108.000000
3242256.641209;32584206.000000
3242811.186754;32583287.000000
3252142.969557;32583005.000000
