1586775.093103;14856982.000000
1579369.547329;14863675.000000
1583931.716395;14870172.000000
1587739.546098;14877019.000000
1586201.158956;14884318.000000
1587830.006860;14890894.000000
1585396.657022;14897858.000000
1591361.113822;14905034.000000
1582849.508356;14911383.000000
1595702.158044;14917966.000000
1586622.187142;14924374.000000
1586298.833040;14930443.000000
1608038.549368;14937523.000000
1592597.862808;14943998.000000
1594325.350858;14950691.000000
1594559.618774;14957283.000000
1597814.703672;14963886.000000
1598777.311704;14970646.000000
1597768.234779;14977170.000000
1597060.972093;14983820.000000
1598526.061681;14990391.000000
1596229.631960;14996720.000000
1606630.083938;15003534.000000
1604876.596629;15009955.000000
1599614.836099;15017166.000000
1601521.267562;15023933.000000
1602772.155885;15030569.000000
1600322.763431;15036859.000000
1604084.382043;15043708.000000
1599597.677586;15050453.000000
1601304.822000;15057257.000000
1602705.612642;15064241.000000
1611034.343776;15071134.000000
1600992.023643;15077559.000000
1602592.360448;15083600.000000
1605822.333770;15090354.000000
1612528.820550;15097375.000000
1611902.649942;15104438.000000
1606429.587827;15111036.000000
1608353.382958;15117960.000000
1607498.954272;15124077.000000
1614835.828935;15130764.000000
1608330.608863;15137933.000000
1612750.412035;15144528.000000
1609359.033669;15151044.000000
1612039.607087;15158265.000000
1623089.549436;15164712.000000
1609900.166709;15171432.000000
1619038.169555;15177823.000000
1617699.052418;15184731.000000
1615366.852923;15191593.000000
1625115.741363;15198505.000000
1624434.788143;15205193.000000
1621533.999292;15211865.000000
1620237.242530;15218522.000000
1625063.503537;15225561.000000
1619891.796717;15232416.000000
1625185.092108;15239138.000000
1623352.737577;15245851.000000
1632675.956854;15252527.000000
1619609.791034;15259021.000000
1638280.360626;15266281.000000
1624404.519262;15273090.000000
1637357.097633;15280091.000000
1621245.590505;15286562.000000
1630806.066124;15293525.000000
1625743.377852;15300165.000000
1631701.292916;15306895.000000
1639031.981946;15314002.000000
1627931.577967;15320575.000000
1643666.749330;15327712.000000
1634106.529355;15334702.000000
1640476.749372;15341640.000000
1635005.393889;15348273.000000
1640767.506224;15354968.000000
1633903.465862;15361749.000000
1642732.483171;15368525.000000
1648813.270142;15375392.000000
1642259.241796;15382731.000000
1645683.403508;15388941.000000
1642902.676563;15395415.000000
1639889.824814;15402079.000000
1639001.258532;15408755.000000
1646856.585046;15415392.000000
1648626.679969;15422344.000000
1647151.060298;15428712.000000
1642571.550943;15435592.000000
1649602.358773;15442381.000000
1645888.003071;15448872.000000
1651763.006029;15455884.000000
1647080.756657;15462676.000000
1651951.948655;15469396.000000
1652405.973679;15475989.000000
1651005.056303;15482945.000000
1641523.285203;15488914.000000
1654665.360641;15495943.000000
1650731.559685;15502624.000000
1644760.890099;15509078.000000
1655503.330500;15515864.000000
1653689.155959;15522149.000000
