2779259.874857;27773284.000000
2766156.034035;27773134.000000
2781133.842474;27773051.000000
2775940.071479;27773037.000000
2790007.765694;27772993.000000
2767904.845857;27772819.000000
2754194.945825;27772530.000000
2773899.929485;27772228.000000
2781874.942974;27771972.000000
2765659.728943;27772041.000000
2782167.632436;27772262.000000
2772023.460748;27772535.000000
2780436.124286;27772384.000000
2782030.866483;27771992.000000
2772897.156785;27771746.000000
2779142.267972;27771515.000000
2785133.070535;27771048.000000
2773877.771091;27771133.000000
2780225.253744;27771121.000000
2780720.113179;27770581.000000
2786212.397472;27770463.000000
2793521.271101;27770947.000000
2766132.577274;27771005.000000
2771806.391824;27771016.000000
2778916.421357;27770796.000000
2778989.056001;27770904.000000
2782834.686753;27770778.000000
2776429.729680;27770526.000000
2778454.451531;27770222.000000
2780984.909211;27769920.000000
2781004.398318;27770189.000000
2768379.569487;27770144.000000
2789987.117001;27770173.000000
2781072.110119;27770161.000000
2773003.562378;27769469.000000
2793620.335126;27769640.000000
2772351.688167;27769902.000000
2763057.668012;27770006.000000
2769477.292862;27769537.000000
2778758.209794;27769544.000000
2779295.033965;27769430.000000
2772125.099071;27769418.000000
2772609.960133;27769449.000000
2766483.583630;27769525.000000
2764219.817189;27768936.000000
2768151.782147;27768712.000000
2779967.513779;27768700.000000
2777160.414394;27768718.000000
2781271.227879;27769073.000000
2779319.619633;27769176.000000
2778820.991119;27769050.000000
2788354.805132;27769041.000000
2766661.683375;27768860.000000
2777976.446112;27768803.000000
2767561.482013;27768541.000000
2783838.421801;27769071.000000
2771458.975044;27768191.000000
2770560.048542;27768193.000000
2779220.653117;27768106.000000
2752831.681480;27766971.000000
2781951.657244;27766987.000000
2778711.733691;27766538.000000
2774065.028628;27766348.000000
2780523.773270;27766484.000000
2783922.325339;27766518.000000
2769794.855504;27765918.000000
2793478.616124;27765867.000000
2767030.762999;27765591.000000
2770322.363066;27765897.000000
2772770.817309;27766048.000000
2784237.222708;27766146.000000
2776758.938246;27766047.000000
2776806.214549;27765755.000000
2771872.883803;27766111.000000
2775005.859212;27766189.000000
2763518.429848;27765858.000000
2761980.317863;27765564.000000
2778734.344661;27765396.000000
2786162.494956;27765589.000000
2787385.055271;27765683.000000
2779620.487135;27765901.000000
2777165.231728;27765914.000000
2788155.364403;27765938.000000
2761262.332410;27765125.000000
2766912.881678;27764796.000000
2790063.668353;27764793.000000
2777166.583058;27765010.000000
2785427.186406;27764884.000000
2787219.655253;27765272.000000
2774515.753954;27764927.000000
2772522.926181;27764711.000000
2776533.688275;27764990.000000
2771581.409200;27764556.000000
2765061.491990;27764672.000000
2773701.746659;27764470.000000
2777937.956667;27764305.000000
2776064.821902;27764800.000000
2779624.682526;27764362.000000
2794829.771509;27764704.000000
2785602.073422;27765241.000000
