3446469.031722;35080640.000000
3436012.369091;35078586.000000
3437496.826734;35076376.000000
3433239.942694;35074270.000000
3446769.874612;35072823.000000
3452442.258688;35069905.000000
3438853.980832;35067994.000000
3431231.410378;35065965.000000
3432044.091554;35063493.000000
3427633.879329;35061606.000000
3422795.711026;35059414.000000
3445135.189428;35057063.000000
3433512.286540;35054976.000000
3432810.243366;35052269.000000
3435168.660323;35049889.000000
3448975.498669;35047575.000000
3436313.776799;35045479.000000
3438520.141733;35043418.000000
3435476.901646;35041161.000000
3437935.949131;35039199.000000
3436214.709867;35036674.000000
3423619.594780;35034948.000000
3427525.734534;35032482.000000
3449022.686994;35030125.000000
3434392.621642;35028357.000000
3435398.689433;35025935.000000
3425824.430336;35023374.000000
3438503.219205;35021331.000000
3440460.459122;35018987.000000
3428130.676032;35016998.000000
3435044.766290;35015262.000000
3455720.198833;35013179.000000
3445661.945829;35011412.000000
3437775.271773;35009391.000000
3422869.683447;35007573.000000
3431368.507201;35005614.000000
3439487.750472;35003647.000000
3429295.566125;35000949.000000
3431599.275855;34998724.000000
3437909.105836;34996837.000000
3429118.610372;34994987.000000
3425874.441570;34992873.000000
3437519.821076;34991193.000000
3426435.989133;34988600.000000
3420953.606033;34986269.000000
3429311.080257;34984104.000000
3434691.314130;34981970.000000
3430160.874108;34979192.000000
3418849.392133;34976738.000000
3427121.816251;34975118.000000
3430403.554646;34972685.000000
3424565.471890;34970598.000000
3416694.141691;34968448.000000
3420131.013553;34965684.000000
3436904.094127;34963309.000000
3422583.864623;34961330.000000
3422315.056650;34959235.000000
3434498.432667;34956982.000000
3416773.776458;34954492.000000
3430402.706680;34952586.000000
3429347.145956;34950409.000000
3431914.008562;34948302.000000
3429986.774405;34946140.000000
3443587.567871;34944322.000000
3425476.060121;34942065.000000
3443848.561893;34939648.000000
3432513.231930;34937454.000000
3423128.988528;34935219.000000
3431985.922595;34932416.000000
3429657.166309;34930819.000000
3416707.323891;34928308.000000
3427779.616667;34926590.000000
3417802.170413;34923888.000000
3431944.048353;34921933.000000
3431305.196270;34919826.000000
3437077.339278;34917652.000000
3415875.957649;34915603.000000
3426177.227037;34913553.000000
3440661.095631;34911474.000000
3428419.352724;34909013.000000
3425121.982388;34906715.000000
3417697.733196;34904624.000000
3422638.655285;34902744.000000
3432971.998263;34900662.000000
3417454.918770;34898347.000000
3435660.198717;34896171.000000
3433279.593737;34894590.000000
3427263.879452;34892600.000000
3410102.279952;34890162.000000
3437412.702485;34888792.000000
3414230.720051;34886350.000000
3424294.523334;34884222.000000
3438076.473847;34882062.000000
3414224.553606;34879639.000000
3403977.868083;34877446.000000
3421026.734379;34875644.000000
3416872.243466;34873132.000000
3412235.295530;34870765.000000
3411607.672111;34868531.000000
3408928.358342;34866234.000000
