1.179522;10.000000
1.291898;18.000000
1.228148;6.000000
1.178046;10.000000
1.231676;19.000000
1.249346;6.000000
1.282835;11.000000
1.258360;10.000000
1.238203;17.000000
1.206153;16.000000
1.227887;25.000000
1.216210;8.000000
1.187230;3.000000
1.278443;8.000000
1.209938;26.000000
1.252037;10.000000
1.296287;6.000000
1.242283;23.000000
1.231622;14.000000
1.252209;4.000000
1.234874;6.000000
1.217280;16.000000
1.301551;17.000000
1.268989;18.000000
1.215888;22.000000
1.274396;2.000000
1.262836;22.000000
1.220813;15.000000
1.219479;3.000000
1.269039;17.000000
1.272092;9.000000
1.314430;13.000000
1.226162;7.000000
1.199985;28.000000
1.220226;15.000000
1.245663;4.000000
1.280855;17.000000
1.271953;4.000000
1.232836;5.000000
1.260951;15.000000
1.255193;29.000000
1.228552;25.000000
1.234072;25.000000
1.197895;14.000000
1.240361;3.000000
1.290973;3.000000
1.326126;12.000000
1.226171;5.000000
1.277586;3.000000
1.252532;19.000000
1.242597;10.000000
1.220656;7.000000
1.254394;16.000000
1.237910;7.000000
1.288009;2.000000
1.246762;12.000000
1.232658;6.000000
1.217487;2.000000
1.237905;4.000000
1.236757;12.000000
1.311580;6.000000
1.241558;6.000000
1.285921;13.000000
1.182033;15.000000
1.233503;4.000000
1.289013;16.000000
1.263939;20.000000
1.231110;2.000000
1.253791;15.000000
1.223961;6.000000
1.315205;3.000000
1.235901;17.000000
1.285595;5.000000
1.213423;9.000000
1.262721;17.000000
1.265101;19.000000
1.258049;9.000000
1.237098;28.000000
1.241927;16.000000
1.255043;7.000000
1.182126;4.000000
1.220803;17.000000
1.226094;27.000000
1.270346;14.000000
1.263851;16.000000
1.252119;16.000000
1.299818;8.000000
1.243152;29.000000
1.320816;12.000000
1.268593;16.000000
1.198316;10.000000
1.203090;11.000000
1.241834;19.000000
1.281478;16.000000
1.198147;25.000000
1.224982;22.000000
1.273020;3.000000
1.262932;18.000000
1.248995;15.000000
1.259085;14.000000
