1.202278;30.000000
1.283942;19.000000
1.228003;21.000000
1.236258;12.000000
1.240739;18.000000
1.239322;9.000000
1.228249;16.000000
1.264596;10.000000
1.246746;16.000000
1.223543;5.000000
1.247908;43.000000
1.249644;19.000000
1.234663;9.000000
1.235728;9.000000
1.259077;3.000000
1.293976;8.000000
1.273251;6.000000
1.206855;8.000000
1.238161;13.000000
1.293323;30.000000
1.245233;8.000000
1.185485;2.000000
1.236124;13.000000
1.235672;10.000000
1.223590;2.000000
1.283579;11.000000
1.188467;21.000000
1.247974;4.000000
1.300781;23.000000
1.300528;39.000000
1.211357;10.000000
1.210202;24.000000
1.216036;8.000000
1.196785;7.000000
1.244692;20.000000
1.206245;4.000000
1.206900;15.000000
1.267488;12.000000
1.194767;7.000000
1.255543;25.000000
1.205619;12.000000
1.197649;2.000000
1.196781;5.000000
1.281111;6.000000
1.259732;24.000000
1.214445;3.000000
1.296691;10.000000
1.259938;21.000000
1.259435;4.000000
1.268143;15.000000
1.268784;11.000000
1.268348;7.000000
1.194264;12.000000
1.286116;26.000000
1.231059;6.000000
1.266480;10.000000
1.160630;5.000000
1.221983;21.000000
1.200603;24.000000
1.266441;9.000000
1.234170;3.000000
1.244208;1.000000
1.194693;29.000000
1.197677;8.000000
1.266066;10.000000
1.227133;22.000000
1.237434;5.000000
1.256135;25.000000
1.309202;16.000000
1.212170;9.000000
1.272601;6.000000
1.171604;11.000000
1.273330;14.000000
1.232580;6.000000
1.236648;7.000000
1.186822;12.000000
1.282832;13.000000
1.243277;12.000000
1.204607;20.000000
1.233877;7.000000
1.246907;22.000000
1.238072;24.000000
1.257914;17.000000
1.205859;14.000000
1.229637;24.000000
1.215931;17.000000
1.286022;13.000000
1.276925;6.000000
1.202240;15.000000
1.225927;19.000000
1.212353;16.000000
1.247487;22.000000
1.210780;12.000000
1.217490;15.000000
1.225431;9.000000
1.273573;9.000000
1.279635;15.000000
1.227612;24.000000
1.200899;26.000000
1.277695;4.000000
