1.243926;26.000000
1.345419;4.000000
1.303929;11.000000
1.291962;20.000000
1.380173;10.000000
1.293236;5.000000
1.358347;3.000000
1.353032;9.000000
1.290839;11.000000
1.409009;14.000000
1.314060;4.000000
1.343371;8.000000
1.505495;11.000000
1.343122;12.000000
1.340614;6.000000
1.310155;36.000000
1.307875;10.000000
1.264501;14.000000
1.467804;17.000000
1.214246;15.000000
1.354630;6.000000
1.334633;9.000000
1.376327;9.000000
1.423946;25.000000
1.291993;5.000000
1.372926;5.000000
1.454888;6.000000
1.331305;21.000000
1.407735;9.000000
1.398241;45.000000
1.294654;6.000000
1.309359;25.000000
1.370042;3.000000
1.426920;4.000000
1.400098;7.000000
1.441067;16.000000
1.344522;19.000000
1.382554;13.000000
1.333364;22.000000
1.295834;12.000000
1.287726;20.000000
1.386651;12.000000
1.281498;11.000000
1.434258;9.000000
1.378701;9.000000
1.372009;22.000000
1.383362;9.000000
1.364548;17.000000
1.354537;24.000000
1.259524;10.000000
1.288627;12.000000
1.355626;29.000000
1.457129;4.000000
1.367896;10.000000
1.384562;36.000000
1.397964;22.000000
1.269827;8.000000
1.354297;7.000000
1.335681;11.000000
1.385380;26.000000
1.431721;15.000000
1.292401;13.000000
1.276274;8.000000
1.390039;3.000000
1.405177;28.000000
1.274620;6.000000
1.283898;5.000000
1.343908;24.000000
1.326565;10.000000
1.405990;5.000000
1.312030;20.000000
1.454236;30.000000
1.341101;11.000000
1.299161;17.000000
1.346684;8.000000
1.329666;13.000000
1.464071;23.000000
1.416629;16.000000
1.294349;7.000000
1.311727;21.000000
1.378700;6.000000
1.314499;15.000000
1.348237;27.000000
1.319417;3.000000
1.362728;9.000000
1.416117;22.000000
1.333915;5.000000
1.330262;19.000000
1.322734;24.000000
1.361370;10.000000
1.255997;8.000000
1.321236;14.000000
1.239268;32.000000
1.496513;20.000000
1.278404;40.000000
1.273946;14.000000
1.307663;18.000000
1.451535;16.000000
1.302953;27.000000
1.366718;14.000000
