3064896.431239;32338137.000000
3064656.132460;32332331.000000
3077113.215918;32326670.000000
3065874.357571;32320767.000000
3047268.525889;32314772.000000
3068436.912759;32308753.000000
3050482.346954;32302759.000000
3076761.580303;32297183.000000
3059009.231874;32291178.000000
3060978.150209;32285457.000000
3080289.613804;32280620.000000
3058864.494879;32275284.000000
3055243.366982;32269442.000000
3055133.066035;32263611.000000
3056872.319257;32258416.000000
3057523.179803;32252677.000000
3062154.364891;32247241.000000
3064534.927421;32241110.000000
3067455.634282;32235104.000000
3058881.052628;32229448.000000
3044122.371052;32223581.000000
3063167.502316;32217632.000000
3054000.493408;32211820.000000
3052663.463202;32205896.000000
3049945.838413;32200062.000000
3052528.232628;32194138.000000
3048355.289699;32188261.000000
3042578.338868;32182555.000000
3046670.858538;32176668.000000
3045935.386076;32171039.000000
3065930.392091;32165692.000000
3063378.586938;32160297.000000
3046995.869266;32154180.000000
3046128.705950;32148599.000000
3061187.836020;32143428.000000
3051192.849322;32137502.000000
3042605.657849;32131835.000000
3057324.063857;32125738.000000
3060675.352511;32119719.000000
3052972.570546;32114067.000000
3049506.639355;32108313.000000
3047384.361031;32102058.000000
3067501.505717;32096492.000000
3031932.612164;32090124.000000
3050597.793339;32084564.000000
3043516.899239;32078186.000000
3050038.933427;32072699.000000
3053882.781508;32066673.000000
3038354.717286;32060790.000000
3030095.887456;32054784.000000
3051107.634943;32049107.000000
3052427.361974;32043736.000000
3036055.111475;32037448.000000
3033349.103516;32031669.000000
3034136.159461;32025988.000000
3038357.203330;32019930.000000
3037749.093962;32014450.000000
3042424.950841;32008625.000000
3047169.071337;32002891.000000
3036607.781018;31997132.000000
3025678.408325;31991014.000000
3035439.532843;31985691.000000
3027283.935136;31979884.000000
3028047.709812;31974014.000000
3034790.007114;31967894.000000
3029016.119991;31962100.000000
3024987.940093;31955966.000000
3039538.462019;31950211.000000
3024084.244864;31944039.000000
3029312.956136;31938101.000000
3014648.773988;31932504.000000
3031743.918693;31926418.000000
3035049.571331;31920593.000000
3025954.883513;31915180.000000
3043490.878744;31909346.000000
3019101.363642;31903941.000000
3040230.339879;31898806.000000
3039305.764510;31892423.000000
3022338.350470;31886181.000000
3024951.286958;31880188.000000
3027979.140473;31874235.000000
3033906.825151;31868779.000000
3035260.758481;31863265.000000
3006945.093765;31856959.000000
3028312.665970;31851111.000000
3034664.934351;31845236.000000
3033075.460283;31839740.000000
3014955.364856;31833387.000000
3012744.189380;31827102.000000
3014535.657914;31821252.000000
3029336.621915;31815956.000000
3022031.236129;31810494.000000
3027754.551987;31805230.000000
3010359.505317;31799480.000000
3005143.495416;31793183.000000
3016802.489392;31787421.000000
3037952.107135;31781905.000000
3004430.173120;31775604.000000
3016415.015595;31770107.000000
3017154.874493;31764594.000000
