3646129.536272;34685068.000000
3639196.869593;34690450.000000
3653927.844483;34695626.000000
3651927.749974;34701106.000000
3645058.589547;34706874.000000
3642142.107827;34712182.000000
3631859.769378;34716725.000000
3655863.154510;34722157.000000
3656879.351505;34727803.000000
3670316.018036;34733695.000000
3650022.045209;34739066.000000
3649335.779795;34743324.000000
3643748.104871;34748378.000000
3665795.346016;34753866.000000
3668736.506212;34759342.000000
3657412.463193;34764786.000000
3657782.284962;34769728.000000
3656342.511484;34774708.000000
3642709.524613;34779857.000000
3652442.101479;34785355.000000
3651664.005322;34790705.000000
3655015.157336;34796071.000000
3642890.424080;34801264.000000
3676337.468921;34806981.000000
3657776.559722;34812457.000000
3658520.635920;34817734.000000
3658142.666907;34822774.000000
3674350.572500;34827976.000000
3652232.011686;34832745.000000
3679340.374902;34838176.000000
3653969.053733;34843661.000000
3677544.146822;34849007.000000
3672020.183734;34854370.000000
3672320.676925;34860104.000000
3679255.986482;34865249.000000
3662140.005813;34870236.000000
3658937.544357;34875535.000000
3668025.136512;34881114.000000
3657098.853169;34886150.000000
3664637.417095;34891303.000000
3669676.970029;34896645.000000
3665628.431645;34902396.000000
3682325.793693;34908003.000000
3680061.973611;34913487.000000
3656643.759228;34918502.000000
3672548.628055;34923700.000000
3667905.860707;34928557.000000
3678935.598917;34934383.000000
3667267.121438;34939886.000000
3699343.432194;34945732.000000
3668354.126484;34951315.000000
3664028.131405;34956551.000000
3680762.997399;34961698.000000
3680298.760891;34966220.000000
3677572.435062;34971560.000000
3677549.063445;34976712.000000
3693919.487396;34982331.000000
3681540.028785;34987769.000000
3708024.458322;34993457.000000
3670221.903094;34999273.000000
3683975.121685;35004219.000000
3686494.630026;35009464.000000
3676297.537962;35014699.000000
3686088.291808;35020196.000000
3665004.244058;35025083.000000
3699422.882486;35030742.000000
3670323.013580;35036317.000000
3662501.968564;35041459.000000
3679773.386368;35047089.000000
3678147.572151;35052370.000000
3687901.223824;35057628.000000
3717418.053089;35063137.000000
3658615.347288;35068262.000000
3711264.342488;35073536.000000
3694885.637534;35078987.000000
3709224.312875;35084697.000000
3691701.598351;35090414.000000
3695560.618249;35095641.000000
3686433.092419;35100879.000000
3692885.293470;35106198.000000
3704696.114934;35111569.000000
3696355.175709;35117137.000000
3690601.573419;35122526.000000
3706689.424823;35128022.000000
3687003.333066;35132815.000000
3692154.858434;35138133.000000
3708370.875674;35144003.000000
3686824.770079;35149259.000000
3703249.670292;35154441.000000
3706321.195262;35160233.000000
3690384.710719;35165544.000000
3707020.091839;35170867.000000
3712763.738291;35176256.000000
3695873.754594;35181632.000000
3686328.709123;35186336.000000
3716399.420298;35192217.000000
3692435.815750;35197267.000000
3696489.195731;35202864.000000
3689463.006556;35207768.000000
3697742.346790;35213269.000000
