3825661.819210;37331551.000000
3827785.689419;37334370.000000
3810267.810679;37336764.000000
3811894.652060;37339122.000000
3844453.619206;37342306.000000
3814603.319272;37344055.000000
3839742.323583;37346682.000000
3823818.770474;37349313.000000
3819001.338946;37352345.000000
3829686.072701;37354901.000000
3824862.487476;37357361.000000
3828394.041434;37360424.000000
3824111.322509;37362953.000000
3825366.521444;37365646.000000
3829641.390632;37368100.000000
3827934.799888;37371045.000000
3827060.360949;37373830.000000
3815047.892123;37375933.000000
3832467.161011;37378596.000000
3833203.138113;37381468.000000
3824297.386731;37384158.000000
3815983.231555;37386117.000000
3840356.027288;37388979.000000
3815191.515928;37391580.000000
3832121.701257;37394241.000000
3840135.952583;37396656.000000
3822118.247489;37399259.000000
3815656.881904;37401770.000000
3842600.448267;37404582.000000
3836776.988367;37407245.000000
3832067.114328;37410009.000000
3828401.296279;37412730.000000
3830142.876045;37415269.000000
3850155.468813;37417929.000000
3832488.251469;37420280.000000
3800147.896989;37422286.000000
3842026.097196;37424665.000000
3831903.327564;37426929.000000
3832782.538987;37429622.000000
3840143.123364;37432334.000000
3833625.274557;37435557.000000
3827863.701075;37438324.000000
3814309.946107;37441053.000000
3832756.733449;37443408.000000
3828347.240914;37446117.000000
3833606.803233;37448648.000000
3848787.214871;37450948.000000
3847342.903771;37453497.000000
3853872.543787;37455789.000000
3819593.714405;37458437.000000
3847888.839998;37461843.000000
3827009.937083;37464383.000000
3845901.782580;37467052.000000
3843208.572696;37469785.000000
3841397.816610;37472277.000000
3841569.397528;37474405.000000
3869268.327596;37477325.000000
3844305.452554;37480026.000000
3849004.222358;37482554.000000
3851439.799488;37485508.000000
3848583.595502;37488381.000000
3849659.167737;37491006.000000
3845665.824182;37493423.000000
3839523.015164;37495648.000000
3832109.173978;37497972.000000
3872377.206872;37501291.000000
3842627.093004;37504249.000000
3847928.304246;37506327.000000
3844467.111688;37508765.000000
3828750.076786;37511750.000000
3839629.562808;37514492.000000
3837921.939023;37517048.000000
3870213.301017;37519905.000000
3873747.383675;37522786.000000
3862726.514363;37525918.000000
3852779.070999;37528521.000000
3839827.604535;37531004.000000
3848193.306859;37533836.000000
3848503.320358;37536974.000000
3834826.577301;37538985.000000
3832657.317594;37541537.000000
3858671.636328;37544167.000000
3839802.952161;37546843.000000
3827632.219599;37548818.000000
3820462.274527;37551060.000000
3836065.562075;37553375.000000
3847043.763380;37555884.000000
3848898.336792;37558819.000000
3858281.867033;37560946.000000
3863994.341330;37563745.000000
3820995.762914;37565965.000000
3842817.965704;37569114.000000
3849444.041312;37571429.000000
3842754.533907;37573920.000000
3856073.209512;37576754.000000
3859950.051163;37579439.000000
3826264.661781;37581572.000000
3843459.403137;37584045.000000
3830190.420944;37586481.000000
3856141.024509;37589521.000000
