3508865.811330;34210581.000000
3497943.389492;34213302.000000
3512359.097619;34215985.000000
3500336.941766;34218714.000000
3514207.592278;34221884.000000
3508124.968502;34224378.000000
3501055.275143;34227339.000000
3499027.191318;34230198.000000
3519736.370204;34232970.000000
3518578.101322;34235937.000000
3512507.857155;34238653.000000
3526032.325825;34241763.000000
3518647.181214;34244764.000000
3533208.985049;34247837.000000
3511252.285302;34250879.000000
3506788.765267;34254093.000000
3530110.159892;34257176.000000
3499267.640429;34259689.000000
3503384.771701;34262212.000000
3521354.640995;34265537.000000
3521694.800948;34268430.000000
3520228.408488;34271572.000000
3508662.595986;34273998.000000
3522134.751108;34276953.000000
3517152.483451;34279948.000000
3515013.333326;34282977.000000
3518079.414796;34286456.000000
3501981.248274;34289093.000000
3544312.107337;34292227.000000
3516083.414579;34294633.000000
3519363.682380;34297684.000000
3527079.132089;34300447.000000
3516147.123265;34303367.000000
3505300.762062;34305651.000000
3510859.689160;34308211.000000
3528843.586963;34311073.000000
3519313.330926;34313826.000000
3526547.092913;34317208.000000
3512188.191100;34319758.000000
3516674.278540;34322736.000000
3520173.322535;34325435.000000
3534140.053848;34328530.000000
3540798.701921;34331324.000000
3522950.628685;34334508.000000
3550729.330864;34338134.000000
3537836.938285;34341419.000000
3539758.511143;34344500.000000
3534611.500169;34347681.000000
3539592.441219;34350686.000000
3530213.922544;34353823.000000
3536447.860639;34356670.000000
3516608.380086;34358515.000000
3544828.562928;34361407.000000
3521868.882624;34363608.000000
3548715.020925;34367110.000000
3525173.235939;34369701.000000
3540417.200950;34372022.000000
3529646.491308;34374706.000000
3530096.778590;34377453.000000
3524314.334810;34380384.000000
3529473.395315;34383352.000000
3532925.481300;34385806.000000
3529698.191618;34388431.000000
3525773.179132;34391135.000000
3531789.627460;34394309.000000
3532306.337664;34397494.000000
3531033.721687;34400381.000000
3530854.085749;34402927.000000
3521897.960545;34405875.000000
3544791.154497;34408932.000000
3522120.189117;34411500.000000
3529648.337268;34414385.000000
3516615.406645;34417052.000000
3552341.836512;34420513.000000
3540960.858438;34423335.000000
3548524.929658;34426168.000000
3538431.580037;34428784.000000
3522330.118784;34431424.000000
3557939.719415;34434746.000000
3541229.129668;34438118.000000
3535672.999777;34440623.000000
3527138.175381;34443727.000000
3532161.070144;34446234.000000
3538944.905837;34448590.000000
3522029.551614;34450777.000000
3527946.578923;34453246.000000
3558115.218954;34456104.000000
3531555.698712;34458906.000000
3526146.257527;34462211.000000
3561855.712336;34465438.000000
3539557.512158;34468029.000000
3541756.830994;34470695.000000
3542549.057064;34473474.000000
3532871.006754;34475611.000000
3540854.374039;34478775.000000
3530194.280134;34481194.000000
3544012.341174;34484228.000000
3543903.991225;34487362.000000
3555849.455634;34490852.000000
3547208.640418;34493857.000000
