1910299.565814;18321895.000000
1902326.141263;18326194.000000
1907022.208652;18330065.000000
1909663.744803;18334616.000000
1900938.085616;18338797.000000
1905700.079440;18342651.000000
1912067.527187;18347163.000000
1908649.866718;18351535.000000
1908698.780683;18355519.000000
1913515.349915;18359648.000000
1912761.999420;18363579.000000
1928837.815646;18368380.000000
1911298.000351;18372053.000000
1905944.602042;18375716.000000
1909882.719449;18379904.000000
1918523.421819;18383977.000000
1913846.091385;18387915.000000
1917196.878400;18391950.000000
1922471.116910;18396494.000000
1925236.435707;18401097.000000
1920253.719052;18405918.000000
1913883.584488;18409757.000000
1917263.505476;18413682.000000
1912724.292714;18417413.000000
1906115.418053;18421621.000000
1918614.825344;18426070.000000
1911139.600642;18429788.000000
1924007.321610;18433882.000000
1915617.444093;18437703.000000
1915350.179432;18442040.000000
1920799.323173;18446200.000000
1919995.257511;18450784.000000
1913907.711877;18454569.000000
1925878.185917;18458756.000000
1911083.780083;18462378.000000
1920885.240451;18466287.000000
1915284.300303;18469866.000000
1925834.145637;18473569.000000
1922233.652209;18477680.000000
1919574.268503;18481371.000000
1924298.089556;18485688.000000
1928888.783458;18490334.000000
1918835.807930;18494565.000000
1928037.902627;18498890.000000
1923334.282036;18503141.000000
1923574.357351;18507157.000000
1942767.005764;18511552.000000
1928446.588143;18515529.000000
1922888.511007;18519480.000000
1923013.294484;18523331.000000
1946169.738496;18528328.000000
1927116.596762;18532200.000000
1929749.681307;18536325.000000
1930227.222542;18540168.000000
1921120.768043;18544537.000000
1927518.860924;18548577.000000
1919417.232696;18552588.000000
1930826.935457;18556538.000000
1932593.034128;18560585.000000
1947131.281028;18565523.000000
1940848.488801;18569415.000000
1926051.250996;18573375.000000
1936930.452330;18578051.000000
1931924.755333;18582810.000000
1938639.842440;18586692.000000
1939738.100574;18591364.000000
1937643.910667;18595613.000000
1932892.295348;18599561.000000
1934622.043520;18603769.000000
1934829.382211;18608212.000000
1937880.153532;18612438.000000
1952095.051156;18617080.000000
1937630.203081;18621264.000000
1941428.381518;18625560.000000
1947497.215269;18630151.000000
1938789.169840;18634665.000000
1934389.376318;18638714.000000
1942312.317668;18642949.000000
1945945.199027;18647210.000000
1944288.003310;18651439.000000
1938244.575689;18655746.000000
1937230.124654;18659700.000000
1939399.452907;18664092.000000
1935121.345894;18668190.000000
1948192.274323;18672600.000000
1937155.315361;18676377.000000
1939088.343583;18680772.000000
1947089.350974;18685111.000000
1942111.484167;18689169.000000
1944863.913749;18693540.000000
1939961.909128;18697894.000000
1940567.613452;18702223.000000
1940793.322111;18706247.000000
1946135.545108;18710643.000000
1928294.399470;18714605.000000
1952675.062750;18718982.000000
1947049.441862;18722528.000000
1970364.735174;18727377.000000
1944236.822253;18731543.000000
1949642.492659;18736648.000000
