1.374305;15.000000
1.752598;50.000000
1.756430;8.000000
1.729679;53.000000
1.732520;22.000000
1.721299;7.000000
1.758057;44.000000
1.648029;11.000000
1.614249;12.000000
1.742223;7.000000
1.675387;11.000000
1.553597;8.000000
1.571761;18.000000
1.625505;40.000000
1.711497;7.000000
1.729181;25.000000
1.603782;7.000000
1.536237;12.000000
1.706050;7.000000
1.792216;3.000000
1.819774;17.000000
1.636296;19.000000
1.741862;15.000000
1.652981;47.000000
1.700194;45.000000
1.901078;1.000000
1.578648;18.000000
1.732548;39.000000
1.656212;5.000000
1.587992;7.000000
1.653246;59.000000
1.736871;23.000000
1.718777;6.000000
1.564373;21.000000
1.639443;19.000000
1.684399;8.000000
1.858822;17.000000
1.606467;31.000000
1.877498;2.000000
1.596910;33.000000
1.802815;22.000000
1.717440;5.000000
1.506182;30.000000
1.645290;9.000000
1.707438;24.000000
1.587305;18.000000
1.852373;6.000000
1.505053;21.000000
1.568565;8.000000
1.548155;33.000000
1.540461;11.000000
1.673156;8.000000
1.595719;9.000000
1.637053;11.000000
1.606801;36.000000
1.684941;36.000000
1.622360;20.000000
1.594074;20.000000
1.639880;33.000000
1.882826;21.000000
1.625558;31.000000
1.717210;15.000000
1.626219;12.000000
1.485967;6.000000
1.553149;32.000000
1.654271;15.000000
1.675388;3.000000
1.721649;19.000000
1.583905;34.000000
1.611311;18.000000
1.686128;19.000000
1.730455;8.000000
1.672424;24.000000
1.582288;15.000000
1.496672;10.000000
1.540254;10.000000
1.570096;10.000000
1.663462;10.000000
1.913396;31.000000
1.677738;33.000000
1.769954;3.000000
1.611430;17.000000
1.656264;10.000000
1.598760;60.000000
1.744926;22.000000
1.683970;57.000000
1.692553;24.000000
1.663075;9.000000
1.523179;32.000000
1.652378;10.000000
1.585927;11.000000
1.669284;10.000000
1.764652;17.000000
1.654148;34.000000
1.607422;8.000000
1.463698;7.000000
1.620546;28.000000
1.673414;17.000000
1.822942;23.000000
1.513712;71.000000
