1331931.014046;12590278.000000
1331302.741824;12596401.000000
1328724.187265;12602188.000000
1337631.552192;12608380.000000
1335857.842095;12614223.000000
1342224.280918;12619739.000000
1339358.420747;12626016.000000
1336179.403152;12632016.000000
1334888.836627;12637862.000000
1341534.954555;12644039.000000
1338726.524095;12649817.000000
1339817.788933;12655956.000000
1336444.869223;12660915.000000
1344428.978603;12667290.000000
1341663.878968;12673199.000000
1348693.561227;12679013.000000
1343974.786010;12685143.000000
1345154.105317;12691338.000000
1345464.556066;12697081.000000
1342600.554008;12702916.000000
1343444.889401;12708930.000000
1355243.029333;12715313.000000
1347652.530228;12721027.000000
1350371.818689;12727258.000000
1352183.683335;12733742.000000
1347033.902868;12739860.000000
1348807.551209;12745934.000000
1351906.965929;12752228.000000
1353445.574940;12758132.000000
1344905.061698;12763929.000000
1341849.014776;12769681.000000
1355788.092082;12775468.000000
1349359.230618;12780847.000000
1360644.114913;12787172.000000
1350445.630346;12793101.000000
1350972.288802;12799174.000000
1352528.826107;12805206.000000
1348541.465069;12811074.000000
1354665.035546;12817290.000000
1356215.210364;12823455.000000
1355683.286182;12828907.000000
1358218.202203;12835052.000000
1359095.074668;12840951.000000
1362157.064679;12846759.000000
1353561.167608;12852210.000000
1350556.346062;12858205.000000
1367273.742239;12864328.000000
1358802.016990;12870657.000000
1361845.889609;12876254.000000
1363186.563020;12882138.000000
1371907.397318;12888473.000000
1367503.501803;12894617.000000
1362280.105384;12900637.000000
1365214.757179;12906530.000000
1367829.695520;12911923.000000
1367908.929326;12918392.000000
1365721.813840;12923933.000000
1367829.572690;12929920.000000
1370877.181557;12936015.000000
1375448.517249;12941755.000000
1373242.600724;12947745.000000
1377511.942291;12954004.000000
1379270.491118;12960483.000000
1375547.795765;12966237.000000
1379128.875609;12972410.000000
1377945.520830;12978401.000000
1382699.157329;12984099.000000
1379595.899813;12990023.000000
1378225.528168;12996373.000000
1375350.359492;13002563.000000
1369444.785024;13008438.000000
1379155.995044;13014233.000000
1378785.317541;13019843.000000
1387243.203825;13025472.000000
1381446.224460;13031771.000000
1375267.487820;13037917.000000
1382758.019076;13044196.000000
1380995.923617;13050080.000000
1388774.589733;13055768.000000
1382907.655925;13061811.000000
1385513.372835;13068030.000000
1376173.105569;13073731.000000
1377091.775165;13079480.000000
1387756.588119;13085750.000000
1388097.954547;13091924.000000
1384141.341904;13098044.000000
1383486.559923;13104033.000000
1387425.477081;13110255.000000
1389571.405624;13116197.000000
1399390.602897;13122761.000000
1397487.224571;13129018.000000
1392821.298507;13134900.000000
1395253.839028;13140541.000000
1397016.502233;13146602.000000
1390624.960588;13152699.000000
1396290.974165;13159365.000000
1390596.695846;13165363.000000
1393014.236493;13170816.000000
1400478.937067;13177291.000000
1396273.258494;13183186.000000
