1.086820;8.000000
1.109902;24.000000
1.074140;16.000000
1.112993;7.000000
1.115792;10.000000
1.101428;15.000000
1.104854;9.000000
1.119952;8.000000
1.092872;5.000000
1.108645;14.000000
1.134028;4.000000
1.085669;8.000000
1.112314;16.000000
1.068920;18.000000
1.101772;7.000000
1.079085;12.000000
1.122614;2.000000
1.125148;8.000000
1.074151;8.000000
1.184789;15.000000
1.150444;18.000000
1.130086;7.000000
1.116190;5.000000
1.113766;16.000000
1.086482;7.000000
1.155657;5.000000
1.079695;11.000000
1.057579;14.000000
1.084779;18.000000
1.140625;2.000000
1.126144;15.000000
1.137775;6.000000
1.101773;23.000000
1.134317;12.000000
1.119956;5.000000
1.104606;9.000000
1.094221;13.000000
1.093245;5.000000
1.110133;9.000000
1.148417;9.000000
1.161244;12.000000
1.107392;6.000000
1.093490;1.000000
1.119331;7.000000
1.144746;12.000000
1.072967;17.000000
1.119953;9.000000
1.128298;31.000000
1.086318;9.000000
1.101972;12.000000
1.098623;13.000000
1.129340;20.000000
1.070025;11.000000
1.085102;36.000000
1.110897;16.000000
1.138848;9.000000
1.092767;9.000000
1.115779;25.000000
1.071748;10.000000
1.120518;11.000000
1.103725;16.000000
1.096946;13.000000
1.091133;3.000000
1.104006;22.000000
1.116237;5.000000
1.088315;16.000000
1.115069;15.000000
1.164521;11.000000
1.101948;18.000000
1.139373;9.000000
1.077047;7.000000
1.125311;8.000000
1.083088;29.000000
1.101194;7.000000
1.128355;11.000000
1.121317;9.000000
1.125323;25.000000
1.101362;4.000000
1.162080;13.000000
1.122213;4.000000
1.111329;15.000000
1.122980;18.000000
1.098079;6.000000
1.116601;4.000000
1.101743;8.000000
1.079633;9.000000
1.155302;11.000000
1.102901;14.000000
1.061840;39.000000
1.101976;10.000000
1.138127;3.000000
1.119656;6.000000
1.134790;6.000000
1.121499;3.000000
1.094388;28.000000
1.120839;10.000000
1.162826;5.000000
1.123237;34.000000
1.148905;32.000000
1.184219;9.000000
