3575422.849898;35568424.000000
3571819.311416;35569185.000000
3578198.629231;35569578.000000
3572717.942020;35569815.000000
3557003.073563;35570244.000000
3554593.608267;35570423.000000
3551175.462445;35570432.000000
3580358.085623;35570875.000000
3551103.581373;35571207.000000
3573750.911896;35571696.000000
3563271.385206;35571481.000000
3570113.694069;35571412.000000
3592440.489990;35571952.000000
3578068.486583;35572576.000000
3559267.285817;35572674.000000
3572651.036206;35573111.000000
3572157.380243;35573703.000000
3561625.715526;35573237.000000
3562417.047694;35573820.000000
3567318.397511;35574327.000000
3584530.532315;35574867.000000
3577288.041121;35575504.000000
3582629.102910;35575927.000000
3567340.590152;35575918.000000
3573195.589909;35576059.000000
3566628.210995;35576632.000000
3567460.310837;35576912.000000
3575789.106811;35577481.000000
3582671.884520;35577764.000000
3569818.309035;35578247.000000
3569341.177234;35579077.000000
3557482.167242;35579117.000000
3580621.123886;35579900.000000
3567078.089897;35580488.000000
3560388.103514;35581269.000000
3566697.111476;35582214.000000
3585935.110477;35583298.000000
3571988.570227;35583940.000000
3577956.348373;35583718.000000
3578879.813678;35584005.000000
3569504.127255;35584150.000000
3567379.507540;35584176.000000
3590672.158656;35584621.000000
3583269.707738;35585258.000000
3564426.169516;35585763.000000
3557129.840602;35585923.000000
3583598.682715;35586942.000000
3567976.057538;35587247.000000
3569432.479291;35587247.000000
3572008.791698;35588081.000000
3582231.830970;35588297.000000
3576462.503600;35588651.000000
3566857.666723;35588676.000000
3576791.731576;35588934.000000
3584233.896081;35589805.000000
3574465.523715;35590174.000000
3568411.725978;35590776.000000
3560512.347309;35591615.000000
3571982.337097;35591608.000000
3579990.394156;35592705.000000
3578410.421353;35592670.000000
3563620.466395;35592904.000000
3580073.889907;35593522.000000
3575496.910625;35594134.000000
3572355.785371;35594395.000000
3576984.816189;35594700.000000
3558114.716793;35594868.000000
3567115.900066;35594924.000000
3546877.678847;35595334.000000
3587447.202923;35596470.000000
3566527.123717;35597089.000000
3561249.422622;35597650.000000
3579823.487645;35597993.000000
3560955.844216;35598047.000000
3576326.211020;35598549.000000
3596801.380915;35599178.000000
3564029.346434;35599191.000000
3590098.296189;35599685.000000
3568104.724327;35599511.000000
3567081.055138;35599615.000000
3580516.760852;35600503.000000
3579682.637608;35600646.000000
3568953.694143;35600542.000000
3589364.926528;35600896.000000
3566438.146286;35601035.000000
3587269.077648;35601541.000000
3560209.374333;35601298.000000
3590493.610882;35601744.000000
3577440.736935;35602514.000000
3565818.612626;35603231.000000
3577471.181447;35603288.000000
3559076.217284;35603532.000000
3589313.305358;35604298.000000
3580038.947586;35605208.000000
3555904.193658;35605395.000000
3560411.257377;35605344.000000
3577720.662327;35606098.000000
3567055.851984;35606329.000000
3584776.300694;35607073.000000
3566673.647344;35607083.000000
