1.227588;15.000000
1.286581;7.000000
1.305279;7.000000
1.260107;10.000000
1.331669;4.000000
1.265622;25.000000
1.310431;13.000000
1.283868;9.000000
1.272436;12.000000
1.388430;14.000000
1.252004;20.000000
1.286409;7.000000
1.378454;7.000000
1.376051;6.000000
1.226473;15.000000
1.298853;17.000000
1.303660;3.000000
1.344499;7.000000
1.276859;15.000000
1.370797;36.000000
1.319904;6.000000
1.340760;14.000000
1.270485;19.000000
1.334897;3.000000
1.297740;3.000000
1.315235;15.000000
1.305995;17.000000
1.288734;11.000000
1.355806;8.000000
1.296357;16.000000
1.341909;5.000000
1.373452;17.000000
1.455527;2.000000
1.319534;10.000000
1.310649;15.000000
1.320669;38.000000
1.276681;1.000000
1.276663;16.000000
1.402491;48.000000
1.310853;7.000000
1.304255;13.000000
1.288395;30.000000
1.315475;7.000000
1.353665;23.000000
1.279186;6.000000
1.247420;12.000000
1.287255;7.000000
1.265140;9.000000
1.245400;28.000000
1.357617;7.000000
1.289503;3.000000
1.300977;8.000000
1.306728;5.000000
1.303628;39.000000
1.411786;32.000000
1.247861;18.000000
1.327299;10.000000
1.314943;13.000000
1.297131;12.000000
1.280412;23.000000
1.234897;4.000000
1.305715;14.000000
1.252676;13.000000
1.315680;27.000000
1.334196;9.000000
1.299394;6.000000
1.236063;9.000000
1.343978;9.000000
1.415014;16.000000
1.265430;25.000000
1.353142;45.000000
1.413524;15.000000
1.374624;3.000000
1.319708;16.000000
1.358061;10.000000
1.307743;2.000000
1.288897;9.000000
1.265149;14.000000
1.235945;12.000000
1.329226;2.000000
1.265101;1.000000
1.239942;3.000000
1.273030;18.000000
1.260582;5.000000
1.318499;21.000000
1.343071;13.000000
1.343453;15.000000
1.239970;9.000000
1.293074;14.000000
1.293342;4.000000
1.262303;21.000000
1.261756;26.000000
1.245095;20.000000
1.272635;22.000000
1.221588;22.000000
1.290831;9.000000
1.350347;6.000000
1.336922;14.000000
1.274426;16.000000
1.270270;7.000000
