3579969.542716;36327608.000000
3572858.614913;36326097.000000
3589467.019950;36324540.000000
3579120.429676;36322894.000000
3564134.652425;36321391.000000
3569623.969494;36319372.000000
3576233.435356;36318083.000000
3553233.175825;36316072.000000
3587104.333606;36314439.000000
3578161.941139;36312481.000000
3581319.019421;36310211.000000
3572773.759365;36308713.000000
3567405.859482;36306914.000000
3577618.237231;36305114.000000
3578812.782247;36303226.000000
3578313.464927;36301407.000000
3574883.195360;36299818.000000
3563911.842633;36298227.000000
3556588.962185;36295955.000000
3562828.398241;36294511.000000
3569412.994884;36293448.000000
3565585.406839;36291953.000000
3587218.582883;36290597.000000
3582017.254287;36289022.000000
3587950.254621;36287489.000000
3562587.261333;36286039.000000
3570276.886619;36284077.000000
3562305.933921;36282412.000000
3586788.682293;36281557.000000
3575756.386864;36280106.000000
3576932.889593;36278553.000000
3581267.445200;36277006.000000
3566400.846029;36275079.000000
3581921.860276;36273721.000000
3568923.299564;36271977.000000
3578530.769108;36270546.000000
3583354.781028;36268889.000000
3573577.292375;36267491.000000
3577086.274515;36265829.000000
3581572.927189;36264642.000000
3562102.653151;36263262.000000
3557776.398805;36261585.000000
3581165.389770;36260264.000000
3562994.374074;36258313.000000
3559601.033606;36256834.000000
3579680.695736;36255411.000000
3592799.047603;36253692.000000
3564131.401962;36251957.000000
3573220.730173;36250014.000000
3562178.407980;36248361.000000
3572203.354739;36247518.000000
3567698.341859;36245363.000000
3565327.531804;36243353.000000
3577329.513236;36241882.000000
3579473.807154;36240389.000000
3564453.473779;36238652.000000
3572880.191255;36237202.000000
3567319.518713;36235512.000000
3569856.046241;36233834.000000
3558988.237632;36231810.000000
3560305.370997;36229864.000000
3556203.177919;36228385.000000
3585102.200651;36227010.000000
3577408.904822;36225730.000000
3566726.632110;36223770.000000
3573379.949960;36222352.000000
3550977.819161;36220417.000000
3555549.795952;36218417.000000
3573618.051351;36217016.000000
3583157.980801;36215323.000000
3577831.533235;36214179.000000
3545147.039919;36212114.000000
3578656.127768;36211349.000000
3574614.731346;36209616.000000
3560643.871301;36208120.000000
3577129.980360;36206422.000000
3555845.348315;36204544.000000
3559423.759417;36203045.000000
3574621.293628;36201432.000000
3575701.136154;36199921.000000
3565456.141435;36198616.000000
3591411.526533;36197393.000000
3544076.029767;36195675.000000
3551652.167393;36193745.000000
3554820.665844;36192083.000000
3569305.324805;36190355.000000
3562913.515118;36188804.000000
3574611.834795;36187238.000000
3553213.682441;36185751.000000
3557219.885008;36183641.000000
3548962.718481;36181615.000000
3569802.136842;36180377.000000
3571641.349558;36178793.000000
3570914.476909;36177197.000000
3550535.603240;36175436.000000
3554646.634175;36173300.000000
3565491.691816;36171913.000000
3582637.602768;36170778.000000
3571628.622188;36169425.000000
3555876.346970;36167946.000000
