1.205395;4.000000
1.291857;22.000000
1.244081;9.000000
1.246228;34.000000
1.295409;19.000000
1.223903;17.000000
1.227258;18.000000
1.322007;12.000000
1.233974;24.000000
1.271671;11.000000
1.292971;15.000000
1.282401;18.000000
1.359847;17.000000
1.268097;10.000000
1.256279;9.000000
1.259685;8.000000
1.240849;40.000000
1.276196;11.000000
1.291631;16.000000
1.329340;9.000000
1.319391;16.000000
1.312051;7.000000
1.309203;9.000000
1.280325;8.000000
1.216367;9.000000
1.283604;5.000000
1.273455;20.000000
1.249430;9.000000
1.291153;7.000000
1.315460;16.000000
1.325832;7.000000
1.304075;5.000000
1.283966;6.000000
1.237085;7.000000
1.279778;8.000000
1.227596;9.000000
1.228073;21.000000
1.327250;15.000000
1.257233;6.000000
1.265746;5.000000
1.222454;8.000000
1.317636;25.000000
1.244609;4.000000
1.343577;7.000000
1.219650;19.000000
1.297489;16.000000
1.324672;20.000000
1.337492;24.000000
1.333805;20.000000
1.283749;18.000000
1.319186;9.000000
1.276608;6.000000
1.281948;14.000000
1.310531;10.000000
1.329469;10.000000
1.317416;7.000000
1.274049;10.000000
1.271981;2.000000
1.267775;10.000000
1.224813;3.000000
1.316893;10.000000
1.260878;7.000000
1.314851;15.000000
1.258676;22.000000
1.273276;12.000000
1.326266;24.000000
1.323865;9.000000
1.313874;22.000000
1.334508;6.000000
1.329525;14.000000
1.253903;36.000000
1.290379;39.000000
1.254709;14.000000
1.223175;11.000000
1.292387;5.000000
1.319391;8.000000
1.245673;22.000000
1.318567;50.000000
1.198424;7.000000
1.257954;4.000000
1.223446;12.000000
1.230519;15.000000
1.254121;9.000000
1.360421;11.000000
1.252710;15.000000
1.244766;11.000000
1.339041;13.000000
1.347694;8.000000
1.305430;33.000000
1.253322;8.000000
1.289342;25.000000
1.300464;20.000000
1.241031;8.000000
1.370630;3.000000
1.239229;11.000000
1.229234;9.000000
1.239428;7.000000
1.271275;8.000000
1.235636;7.000000
1.366237;25.000000
