3607832.331842;37114999.000000
3600315.737798;37111876.000000
3616482.726774;37108857.000000
3610317.584660;37105206.000000
3621003.274204;37101909.000000
3609110.363995;37097720.000000
3600384.250434;37094222.000000
3608210.979477;37090650.000000
3623171.421685;37087831.000000
3596281.822820;37084400.000000
3609576.181429;37081411.000000
3600799.672989;37077783.000000
3611700.201541;37074749.000000
3611694.100738;37071995.000000
3610066.113506;37069572.000000
3606567.903535;37066507.000000
3610514.260760;37063323.000000
3622161.302281;37060093.000000
3612698.403543;37057026.000000
3601668.179622;37053893.000000
3603744.343806;37050990.000000
3584509.749778;37047603.000000
3589229.030865;37044579.000000
3585296.517292;37041121.000000
3611095.373390;37038238.000000
3611434.734418;37035042.000000
3599019.201245;37031763.000000
3606665.222856;37028545.000000
3583957.254924;37025268.000000
3604741.134879;37022797.000000
3605496.170855;37019910.000000
3594418.148930;37016795.000000
3596716.004571;37013861.000000
3599396.714413;37010472.000000
3579330.004215;37007144.000000
3614786.334461;37004329.000000
3602935.031297;37001248.000000
3594923.071015;36997782.000000
3590076.608315;36994583.000000
3575509.434550;36991247.000000
3601181.911165;36988242.000000
3597396.590617;36984929.000000
3584018.387539;36981496.000000
3587338.876571;36978228.000000
3593750.827581;36975056.000000
3599074.016506;36972012.000000
3579150.865664;36969141.000000
3574750.517343;36965997.000000
3600478.831699;36963116.000000
3583909.782142;36959665.000000
3584573.163547;36956347.000000
3582578.270547;36953247.000000
3600522.069895;36950177.000000
3601215.181481;36946874.000000
3578320.327250;36943523.000000
3591854.353269;36940524.000000
3582436.786920;36936994.000000
3588397.712522;36933992.000000
3602115.455385;36931048.000000
3563544.947565;36927362.000000
3562972.104200;36923724.000000
3586474.106899;36920746.000000
3607740.634279;36917886.000000
3572966.626803;36914403.000000
3595015.644748;36911302.000000
3567990.317085;36907910.000000
3591375.831673;36905353.000000
3569402.629575;36901937.000000
3582181.368108;36898938.000000
3594726.806120;36896270.000000
3587579.671782;36893426.000000
3594017.777479;36890215.000000
3597884.793751;36886826.000000
3586690.386001;36883741.000000
3577243.208193;36880574.000000
3561580.547634;36876594.000000
3586634.330077;36873337.000000
3580881.828014;36870174.000000
3580300.325789;36866920.000000
3575646.299336;36863512.000000
3592729.306874;36860516.000000
3595796.892312;36857470.000000
3566684.859682;36854144.000000
3589912.560462;36851026.000000
3567272.296239;36847995.000000
3589851.726998;36845683.000000
3595607.171395;36842727.000000
3575599.733776;36839830.000000
3591727.278963;36836799.000000
3572087.433005;36833580.000000
3586254.989568;36830918.000000
3590101.556539;36827819.000000
3579899.492268;36824578.000000
3578842.800488;36821496.000000
3577106.150061;36818189.000000
3570667.379889;36814397.000000
3584248.342016;36811306.000000
3584686.412632;36808580.000000
3585853.281435;36806027.000000
3571182.365531;36802961.000000
