2726090.253649;27173742.000000
2710666.353045;27173781.000000
2731092.056959;27174073.000000
2739641.094410;27174544.000000
2743648.113801;27175021.000000
2713191.378498;27175098.000000
2721632.880770;27175640.000000
2726583.586216;27176316.000000
2728876.354068;27176967.000000
2732049.104909;27177590.000000
2730134.595916;27178099.000000
2735812.086914;27178040.000000
2718545.127688;27178219.000000
2734287.876415;27178817.000000
2726539.710455;27179020.000000
2723561.560971;27179308.000000
2735584.515310;27179750.000000
2743484.225018;27180395.000000
2749073.074843;27181572.000000
2728065.471933;27182255.000000
2713715.064524;27182730.000000
2702216.176122;27182797.000000
2745923.912084;27183560.000000
2736499.123326;27183473.000000
2729612.891682;27183687.000000
2740362.349131;27183941.000000
2744926.116352;27184797.000000
2726221.654802;27185293.000000
2748636.268092;27186050.000000
2737219.071834;27186640.000000
2751193.244304;27187739.000000
2731352.140881;27188264.000000
2739964.902789;27188816.000000
2740005.477257;27189163.000000
2721200.705630;27189563.000000
2730055.418838;27189962.000000
2733156.607833;27189943.000000
2733308.016755;27190511.000000
2725627.706040;27190949.000000
2728252.326575;27191532.000000
2723461.270713;27191661.000000
2740917.766850;27192344.000000
2716313.468190;27192125.000000
2729372.054428;27192216.000000
2724050.360328;27193114.000000
2739004.888516;27193722.000000
2740325.920754;27194141.000000
2722460.496157;27194547.000000
2719254.175962;27194800.000000
2726834.880265;27195183.000000
2732854.761841;27195800.000000
2740921.642903;27196222.000000
2719079.804335;27196626.000000
2734835.746528;27196576.000000
2730437.288000;27197371.000000
2731188.466954;27197693.000000
2727403.037908;27198311.000000
2745598.442342;27199319.000000
2742677.791113;27200168.000000
2733991.784890;27200626.000000
2735164.210169;27200846.000000
2744267.160476;27201834.000000
2728361.924952;27202468.000000
2730110.165313;27202873.000000
2734540.919994;27203384.000000
2731430.092894;27203526.000000
2729345.385044;27203957.000000
2722908.437028;27204110.000000
2739043.738374;27204851.000000
2728814.341888;27205234.000000
2729503.032023;27206062.000000
2742222.146429;27206797.000000
2749840.107205;27207473.000000
2728772.540750;27208328.000000
2728305.473516;27208553.000000
2733747.787943;27209405.000000
2730417.786833;27209824.000000
2716836.150068;27209504.000000
2748527.280427;27209911.000000
2737262.360118;27210711.000000
2714729.487101;27210852.000000
2720324.815582;27210735.000000
2734435.331442;27211325.000000
2747436.822612;27211809.000000
2724629.503982;27212134.000000
2747309.954688;27212731.000000
2723316.108104;27212582.000000
2746620.110150;27213035.000000
2734791.822268;27213956.000000
2743325.365972;27214549.000000
2737751.210304;27215562.000000
2741021.462709;27216700.000000
2748593.315433;27217439.000000
2734966.571360;27217883.000000
2728829.907022;27218411.000000
2733562.776892;27218935.000000
2727941.803925;27218934.000000
2724912.088748;27219135.000000
2726139.797590;27218691.000000
2716442.506839;27218660.000000
