1.171555;20.000000
1.207548;13.000000
1.183437;17.000000
1.220387;7.000000
1.209256;11.000000
1.235293;5.000000
1.151235;10.000000
1.209669;10.000000
1.206156;5.000000
1.233544;14.000000
1.274348;18.000000
1.233998;11.000000
1.240197;16.000000
1.215690;23.000000
1.295709;2.000000
1.182078;9.000000
1.283928;4.000000
1.296917;10.000000
1.311701;13.000000
1.218690;18.000000
1.214464;23.000000
1.179574;17.000000
1.237698;12.000000
1.195958;17.000000
1.245851;13.000000
1.204833;25.000000
1.224941;16.000000
1.219836;10.000000
1.198812;7.000000
1.287145;22.000000
1.247083;21.000000
1.187015;8.000000
1.257307;28.000000
1.283293;30.000000
1.244527;8.000000
1.203378;6.000000
1.238824;21.000000
1.218430;12.000000
1.211269;16.000000
1.269710;23.000000
1.196783;10.000000
1.185320;23.000000
1.216169;10.000000
1.213644;11.000000
1.227102;22.000000
1.214897;14.000000
1.239641;21.000000
1.215632;14.000000
1.226800;16.000000
1.285848;10.000000
1.210628;20.000000
1.239042;7.000000
1.252823;26.000000
1.215425;21.000000
1.236977;11.000000
1.228652;14.000000
1.255302;6.000000
1.252268;6.000000
1.221791;22.000000
1.275650;16.000000
1.214669;7.000000
1.187233;22.000000
1.210370;21.000000
1.206555;19.000000
1.199011;5.000000
1.198967;18.000000
1.223894;13.000000
1.176193;19.000000
1.257717;20.000000
1.197042;21.000000
1.242506;7.000000
1.257462;18.000000
1.194074;29.000000
1.255377;4.000000
1.258449;20.000000
1.234100;8.000000
1.197333;11.000000
1.272572;9.000000
1.236728;22.000000
1.252938;12.000000
1.302561;25.000000
1.205706;25.000000
1.232694;10.000000
1.201118;11.000000
1.225911;8.000000
1.296825;28.000000
1.266698;10.000000
1.232610;13.000000
1.230155;7.000000
1.243197;38.000000
1.225776;7.000000
1.162070;15.000000
1.194735;17.000000
1.226015;21.000000
1.155595;25.000000
1.261772;19.000000
1.264351;15.000000
1.162286;9.000000
1.269744;13.000000
1.292608;6.000000
