3801903.523276;37745913.000000
3773594.731449;37746195.000000
3796966.725271;37746591.000000
3796679.928293;37746958.000000
3786484.502477;37747593.000000
3784141.974363;37748074.000000
3763645.461294;37747980.000000
3793195.568619;37748443.000000
3809620.613711;37749148.000000
3778318.444757;37748889.000000
3811790.375711;37749516.000000
3800475.624933;37750108.000000
3794204.943847;37750661.000000
3795763.560011;37751313.000000
3802958.089969;37752040.000000
3784131.040882;37752314.000000
3789786.367492;37752364.000000
3786008.289092;37753000.000000
3794624.655376;37753376.000000
3771394.715484;37753613.000000
3770960.233357;37754073.000000
3795250.175592;37754772.000000
3792144.381069;37755757.000000
3800819.625526;37756382.000000
3794586.757646;37756925.000000
3809388.502897;37757154.000000
3797965.789594;37757481.000000
3788157.529433;37758045.000000
3800602.675248;37758489.000000
3813360.793108;37759615.000000
3793219.586136;37759753.000000
3810695.600508;37760410.000000
3788912.454119;37761304.000000
3775070.380474;37761871.000000
3783813.221358;37762434.000000
3767208.251156;37761823.000000
3799220.076796;37762499.000000
3792681.666734;37762980.000000
3792665.817990;37763440.000000
3787177.879921;37763854.000000
3796537.847721;37764385.000000
3786486.723358;37765128.000000
3783500.134577;37765509.000000
3788804.536587;37765357.000000
3789461.731528;37766358.000000
3796015.000922;37766934.000000
3790382.068290;37767250.000000
3813825.263866;37767854.000000
3813987.013051;37768686.000000
3807471.894387;37769003.000000
3810255.705359;37770071.000000
3794231.137258;37770327.000000
3787412.396515;37771084.000000
3792092.986408;37771870.000000
3787645.364464;37772114.000000
3799329.664393;37773035.000000
3787230.063806;37773496.000000
3800203.973800;37773628.000000
3798970.403969;37774468.000000
3803506.019582;37775043.000000
3787118.228273;37775615.000000
3803890.327555;37776298.000000
3791699.901769;37776818.000000
3794687.912641;37777056.000000
3795723.497476;37777571.000000
3790264.341792;37777814.000000
3817150.528978;37778869.000000
3781430.374289;37778875.000000
3787369.209230;37778850.000000
3800009.951531;37779450.000000
3807273.693542;37780332.000000
3794845.367889;37780926.000000
3812710.230895;37781211.000000
3793308.372568;37781465.000000
3804951.822145;37781944.000000
3799957.123719;37782500.000000
3809696.986938;37783580.000000
3804022.521524;37783910.000000
3781135.206315;37784011.000000
3809717.718804;37785296.000000
3784116.583655;37786146.000000
3802264.083259;37786251.000000
3793617.690919;37786915.000000
3784361.087265;37787281.000000
3785375.166759;37787157.000000
3805048.216153;37787898.000000
3805375.963333;37788390.000000
3788777.866473;37789281.000000
3798600.724046;37790051.000000
3792430.576665;37790330.000000
3821312.995287;37791277.000000
3800889.792005;37791901.000000
3787580.178977;37792209.000000
3790579.017917;37793009.000000
3780468.790210;37793616.000000
3781879.482316;37793795.000000
3788602.271026;37794377.000000
3792155.824590;37794684.000000
3796468.218555;37795002.000000
3791930.285584;37795365.000000
