3645838.626257;35846540.000000
3639073.315327;35848441.000000
3653169.708560;35850287.000000
3642877.837697;35852260.000000
3641188.478433;35854198.000000
3645279.043081;35855757.000000
3639679.695093;35857952.000000
3642647.366161;35860198.000000
3656927.186230;35861979.000000
3668421.348789;35863801.000000
3646098.195444;35865385.000000
3646071.823719;35867292.000000
3662637.273677;35869798.000000
3659921.438058;35871381.000000
3650290.206712;35873419.000000
3653758.949630;35875673.000000
3652316.732613;35877973.000000
3629080.701017;35879319.000000
3645297.776861;35881018.000000
3640859.240543;35882438.000000
3641154.964251;35884410.000000
3638400.620089;35885606.000000
3647475.306899;35887788.000000
3637359.001232;35889801.000000
3654104.496426;35891667.000000
3652211.045580;35893992.000000
3656544.463217;35896360.000000
3651277.053281;35898697.000000
3650563.705852;35901066.000000
3663330.262934;35903226.000000
3665774.047613;35905395.000000
3660659.619268;35907716.000000
3654758.073210;35909339.000000
3664887.629685;35911604.000000
3647372.097336;35913512.000000
3640561.918792;35914677.000000
3647100.622874;35916498.000000
3641783.517346;35918323.000000
3667088.196979;35920362.000000
3658632.766973;35922323.000000
3646461.043791;35924379.000000
3660871.202297;35926426.000000
3645399.184063;35928274.000000
3652713.831226;35930172.000000
3664900.016068;35932251.000000
3653726.139204;35934385.000000
3676973.752259;35936729.000000
3671396.944636;35939090.000000
3682148.557351;35941045.000000
3663733.384267;35942875.000000
3656275.711744;35944993.000000
3647265.704604;35946858.000000
3660938.705933;35948930.000000
3669161.017491;35950777.000000
3674055.625211;35952784.000000
3670932.775948;35954541.000000
3671490.754226;35956499.000000
3656538.301758;35958681.000000
3680410.949525;35961039.000000
3667037.147511;35963077.000000
3668320.009055;35965134.000000
3658432.699633;35966766.000000
3670951.853771;35968789.000000
3664765.969592;35970304.000000
3666654.906189;35972089.000000
3669631.310529;35973995.000000
3657220.109866;35975562.000000
3642085.753003;35976837.000000
3651650.695455;35978809.000000
3672544.853397;35980683.000000
3653799.765462;35982318.000000
3670333.278076;35983905.000000
3668530.204573;35986348.000000
3657008.286281;35988031.000000
3658310.429631;35989827.000000
3671405.448314;35992402.000000
3652124.542957;35994335.000000
3660789.335556;35995953.000000
3670294.342692;35997653.000000
3675442.442180;35999758.000000
3650439.193542;36000877.000000
3681054.621019;36002928.000000
3675670.328453;36005165.000000
3647778.509770;36006327.000000
3675141.073821;36008988.000000
3671602.358991;36010743.000000
3680606.915829;36012799.000000
3666240.634203;36014927.000000
3664614.994412;36016611.000000
3693839.067085;36018946.000000
3661036.838634;36020355.000000
3678075.881680;36022309.000000
3677405.570778;36024333.000000
3683174.772697;36026536.000000
3694372.553497;36028761.000000
3701259.336270;36030664.000000
3650747.987524;36032577.000000
3674752.157866;36034496.000000
3677012.339319;36036381.000000
3662746.550915;36038461.000000
