3499729.550546;35798440.000000
3496522.443172;35796111.000000
3511671.135596;35793740.000000
3496297.337126;35791148.000000
3479631.629756;35788653.000000
3499883.242973;35786087.000000
3490074.143664;35783752.000000
3482550.096729;35781205.000000
3513379.330788;35778958.000000
3500838.367765;35776265.000000
3494032.490364;35773442.000000
3501390.812839;35771330.000000
3500749.215186;35769067.000000
3507449.523523;35767232.000000
3506595.794648;35764869.000000
3508145.656391;35762389.000000
3500077.526316;35760225.000000
3483457.994643;35758018.000000
3479295.078115;35754989.000000
3488541.905481;35752399.000000
3501044.307251;35749689.000000
3499009.086027;35747520.000000
3509004.770019;35745139.000000
3500820.511704;35742779.000000
3481531.308466;35739907.000000
3494794.201217;35737262.000000
3489617.881332;35734967.000000
3490879.881928;35732665.000000
3493919.058435;35730240.000000
3500506.931753;35727690.000000
3499909.030200;35725615.000000
3490768.570362;35723246.000000
3489810.203486;35720665.000000
3487815.688557;35717843.000000
3475176.300121;35715392.000000
3496804.976272;35713070.000000
3484498.465176;35710142.000000
3464780.631485;35707285.000000
3473559.328751;35704480.000000
3487582.160302;35702241.000000
3498341.336097;35699632.000000
3482709.671622;35696610.000000
3505148.252533;35694536.000000
3472322.270095;35691518.000000
3481069.192569;35688600.000000
3489461.533723;35686216.000000
3480079.247361;35683344.000000
3486368.504546;35680687.000000
3488636.874007;35678339.000000
3474395.531984;35675672.000000
3498776.989545;35672776.000000
3501618.438180;35670667.000000
3487618.981245;35668126.000000
3500041.130453;35666057.000000
3479271.430674;35663480.000000
3495355.159677;35661304.000000
3493886.576627;35658902.000000
3506047.997003;35656748.000000
3477779.537885;35654111.000000
3482221.808496;35651526.000000
3484969.287052;35649171.000000
3492407.998115;35647025.000000
3486682.188395;35644465.000000
3475993.067570;35642189.000000
3485501.040136;35639839.000000
3492169.519736;35636990.000000
3486474.945033;35634562.000000
3475124.555001;35631939.000000
3469656.869982;35629904.000000
3476693.252878;35627450.000000
3474445.035967;35624664.000000
3495821.964069;35622340.000000
3496874.717756;35620488.000000
3471472.354483;35617731.000000
3468412.237277;35614961.000000
3486402.417416;35612295.000000
3482325.248563;35609705.000000
3470057.090964;35606981.000000
3477471.989875;35604591.000000
3482823.262191;35602428.000000
3472670.364255;35599725.000000
3484832.918516;35597158.000000
3468967.787179;35594574.000000
3482602.468738;35591816.000000
3457239.000795;35589093.000000
3474763.520414;35586568.000000
3482959.675229;35584123.000000
3465128.876134;35581233.000000
3475904.238663;35578650.000000
3480559.860557;35576312.000000
3471244.877735;35573750.000000
3471013.669731;35571096.000000
3487732.685472;35568958.000000
3478120.234301;35566405.000000
3485462.419297;35563985.000000
3471271.630513;35561343.000000
3479752.290261;35558742.000000
3467415.170915;35556795.000000
3472785.562493;35554313.000000
3459428.345968;35551790.000000
