1.413666;8.000000
1.486898;3.000000
1.474623;10.000000
1.461495;11.000000
1.535597;11.000000
1.405192;8.000000
1.522795;12.000000
1.443859;19.000000
1.566832;17.000000
1.498423;16.000000
1.403784;12.000000
1.482290;11.000000
1.484382;21.000000
1.444305;19.000000
1.502356;2.000000
1.387866;6.000000
1.472012;10.000000
1.470141;38.000000
1.568921;9.000000
1.519334;15.000000
1.501673;8.000000
1.557701;6.000000
1.486272;31.000000
1.454004;10.000000
1.517487;11.000000
1.401746;25.000000
1.425452;12.000000
1.624490;8.000000
1.578706;31.000000
1.432262;11.000000
1.420703;11.000000
1.485233;22.000000
1.513512;9.000000
1.416892;8.000000
1.447577;11.000000
1.441561;4.000000
1.449949;11.000000
1.569490;3.000000
1.456031;20.000000
1.453918;9.000000
1.428155;3.000000
1.493657;2.000000
1.343681;16.000000
1.346774;5.000000
1.685881;20.000000
1.457055;17.000000
1.417661;14.000000
1.438448;11.000000
1.504630;6.000000
1.375908;14.000000
1.362162;5.000000
1.382596;13.000000
1.490290;7.000000
1.546224;13.000000
1.541591;27.000000
1.489299;20.000000
1.478120;17.000000
1.415239;20.000000
1.442771;10.000000
1.464039;13.000000
1.440397;25.000000
1.527524;18.000000
1.477134;13.000000
1.525567;29.000000
1.494859;14.000000
1.523542;4.000000
1.503889;13.000000
1.375357;23.000000
1.428745;17.000000
1.465356;26.000000
1.615110;11.000000
1.478751;34.000000
1.455148;23.000000
1.481443;15.000000
1.442806;14.000000
1.375870;14.000000
1.435288;16.000000
1.612978;7.000000
1.574551;27.000000
1.406871;31.000000
1.338420;24.000000
1.424127;29.000000
1.493705;14.000000
1.405513;9.000000
1.423918;7.000000
1.352747;35.000000
1.583029;6.000000
1.474122;2.000000
1.477474;5.000000
1.499647;36.000000
1.473439;19.000000
1.476923;13.000000
1.562754;3.000000
1.442933;14.000000
1.552878;17.000000
1.421610;10.000000
1.428801;14.000000
1.612411;16.000000
1.467681;30.000000
1.414507;8.000000
