1.291478;20.000000
1.293742;12.000000
1.277586;7.000000
1.311388;15.000000
1.270085;12.000000
1.237642;16.000000
1.245304;24.000000
1.246025;15.000000
1.320380;24.000000
1.290322;4.000000
1.272184;12.000000
1.179187;14.000000
1.274372;28.000000
1.273744;7.000000
1.308536;12.000000
1.213229;25.000000
1.257360;24.000000
1.318037;17.000000
1.310747;11.000000
1.189136;3.000000
1.262742;13.000000
1.260036;6.000000
1.287713;34.000000
1.306540;21.000000
1.204111;10.000000
1.247340;15.000000
1.303926;29.000000
1.289082;1.000000
1.320260;11.000000
1.338335;5.000000
1.245174;10.000000
1.286351;13.000000
1.343896;2.000000
1.226564;18.000000
1.249887;21.000000
1.280322;2.000000
1.268727;10.000000
1.268901;7.000000
1.313092;10.000000
1.272724;8.000000
1.361912;13.000000
1.252624;13.000000
1.281840;6.000000
1.297987;19.000000
1.307813;14.000000
1.332692;17.000000
1.317829;7.000000
1.336532;12.000000
1.260559;5.000000
1.310358;14.000000
1.276538;16.000000
1.286929;10.000000
1.244261;22.000000
1.362312;22.000000
1.295563;2.000000
1.303555;19.000000
1.296566;4.000000
1.300295;15.000000
1.283379;9.000000
1.346611;24.000000
1.291714;21.000000
1.314401;15.000000
1.307225;16.000000
1.264669;12.000000
1.250404;16.000000
1.284197;15.000000
1.275417;25.000000
1.299997;12.000000
1.243227;21.000000
1.337071;19.000000
1.348653;6.000000
1.309710;3.000000
1.359841;14.000000
1.324409;17.000000
1.308474;4.000000
1.293463;10.000000
1.277455;27.000000
1.255756;5.000000
1.260191;12.000000
1.290660;6.000000
1.283748;4.000000
1.292575;2.000000
1.371831;35.000000
1.279722;3.000000
1.314350;24.000000
1.299615;6.000000
1.264208;14.000000
1.275050;6.000000
1.264243;13.000000
1.277890;29.000000
1.283062;3.000000
1.201820;5.000000
1.362578;20.000000
1.364137;2.000000
1.330909;18.000000
1.200440;7.000000
1.283717;6.000000
1.240421;6.000000
1.288639;5.000000
1.273082;9.000000
