1.436297;13.000000
1.487730;29.000000
1.500368;17.000000
1.527202;15.000000
1.597746;12.000000
1.436117;17.000000
1.437112;3.000000
1.535916;15.000000
1.417431;36.000000
1.566394;9.000000
1.413099;18.000000
1.555496;18.000000
1.648912;7.000000
1.585181;4.000000
1.479068;20.000000
1.447969;19.000000
1.515609;17.000000
1.351087;10.000000
1.601624;15.000000
1.574935;15.000000
1.492786;8.000000
1.573833;21.000000
1.562606;22.000000
1.451345;40.000000
1.473260;26.000000
1.462264;14.000000
1.551626;7.000000
1.460111;4.000000
1.402346;39.000000
1.499785;23.000000
1.563579;2.000000
1.479301;12.000000
1.478520;23.000000
1.594660;11.000000
1.681186;12.000000
1.560457;16.000000
1.438353;25.000000
1.521945;9.000000
1.632072;10.000000
1.500577;15.000000
1.386234;5.000000
1.594129;4.000000
1.533318;25.000000
1.486042;7.000000
1.484273;11.000000
1.534490;8.000000
1.533835;8.000000
1.477587;9.000000
1.498691;6.000000
1.517854;44.000000
1.475796;10.000000
1.470383;6.000000
1.387270;7.000000
1.480340;8.000000
1.401336;15.000000
1.496502;10.000000
1.449103;15.000000
1.498992;16.000000
1.529476;11.000000
1.468572;35.000000
1.471375;11.000000
1.591543;18.000000
1.652078;9.000000
1.451875;8.000000
1.470375;23.000000
1.480886;20.000000
1.434151;10.000000
1.526711;15.000000
1.430099;9.000000
1.426355;15.000000
1.447902;10.000000
1.561742;19.000000
1.525664;23.000000
1.467189;28.000000
1.574938;24.000000
1.510874;11.000000
1.495491;15.000000
1.453000;10.000000
1.491106;12.000000
1.559675;18.000000
1.545163;13.000000
1.570943;22.000000
1.532606;7.000000
1.540263;4.000000
1.592513;8.000000
1.538784;22.000000
1.425206;10.000000
1.438819;10.000000
1.504057;29.000000
1.542109;6.000000
1.488532;1.000000
1.676580;2.000000
1.565818;8.000000
1.354623;19.000000
1.539375;3.000000
1.432518;13.000000
1.540441;19.000000
1.500654;28.000000
1.404991;14.000000
1.441539;7.000000
