1.212709;25.000000
1.278862;7.000000
1.269072;8.000000
1.230387;13.000000
1.220261;18.000000
1.212881;6.000000
1.309333;8.000000
1.258526;12.000000
1.245734;2.000000
1.221812;16.000000
1.231228;9.000000
1.195096;4.000000
1.258284;18.000000
1.236553;18.000000
1.271202;15.000000
1.209442;10.000000
1.242157;37.000000
1.250172;8.000000
1.227296;3.000000
1.249455;6.000000
1.301797;15.000000
1.226728;19.000000
1.227074;8.000000
1.222206;12.000000
1.232111;9.000000
1.213826;13.000000
1.225829;5.000000
1.224734;10.000000
1.196875;21.000000
1.293908;11.000000
1.225359;4.000000
1.224853;23.000000
1.235467;8.000000
1.260016;16.000000
1.190587;22.000000
1.247987;7.000000
1.229799;14.000000
1.271831;8.000000
1.259079;8.000000
1.262249;31.000000
1.301694;22.000000
1.238751;6.000000
1.286566;30.000000
1.293835;9.000000
1.241010;19.000000
1.271837;9.000000
1.250984;38.000000
1.238287;8.000000
1.262111;12.000000
1.214920;10.000000
1.212070;17.000000
1.218260;14.000000
1.222163;3.000000
1.216705;7.000000
1.243994;4.000000
1.230694;22.000000
1.238079;9.000000
1.223499;5.000000
1.265860;7.000000
1.204505;4.000000
1.211001;12.000000
1.227757;6.000000
1.219799;19.000000
1.235885;13.000000
1.215802;16.000000
1.305156;4.000000
1.251023;11.000000
1.215206;22.000000
1.281724;11.000000
1.284624;6.000000
1.252587;12.000000
1.248650;11.000000
1.214157;17.000000
1.225068;8.000000
1.212390;11.000000
1.195264;33.000000
1.234458;17.000000
1.187365;11.000000
1.219652;18.000000
1.199253;15.000000
1.286795;7.000000
1.252025;24.000000
1.225706;15.000000
1.267901;19.000000
1.223776;4.000000
1.220106;7.000000
1.164024;8.000000
1.274037;7.000000
1.225932;9.000000
1.270720;1.000000
1.280856;12.000000
1.274316;21.000000
1.285705;19.000000
1.172459;7.000000
1.254109;6.000000
1.281139;8.000000
1.290311;11.000000
1.245727;21.000000
1.250318;3.000000
1.257691;17.000000
