943784.972433;9610730.000000
941128.233950;9608710.000000
948549.267666;9607058.000000
941247.578509;9604822.000000
942440.251532;9602975.000000
937778.418894;9600718.000000
942159.069577;9598530.000000
943533.971522;9596142.000000
938968.442645;9594257.000000
943983.139335;9592434.000000
939605.928140;9590738.000000
944089.768744;9588687.000000
944300.570198;9586502.000000
940792.949998;9584361.000000
940472.955061;9582045.000000
941662.052420;9579371.000000
937130.330817;9577192.000000
940133.594600;9575069.000000
939236.149677;9573610.000000
946639.462582;9571975.000000
939937.553554;9570028.000000
936154.106855;9567821.000000
938335.390870;9565973.000000
937874.115459;9564405.000000
933968.255952;9562386.000000
944278.032455;9560699.000000
940429.669885;9558491.000000
942044.634622;9556745.000000
933467.157041;9554747.000000
937786.340358;9552432.000000
931818.640950;9550104.000000
938367.267535;9548401.000000
935740.564093;9546748.000000
940370.449500;9544913.000000
937517.649259;9543049.000000
937223.109752;9540882.000000
934577.415754;9539161.000000
931815.619207;9536874.000000
933603.532170;9534705.000000
938055.796989;9533389.000000
933136.089270;9530863.000000
935386.145665;9529251.000000
933945.152298;9526886.000000
932883.810587;9524671.000000
934261.359389;9522497.000000
933814.439629;9520562.000000
928537.439118;9518245.000000
934866.785791;9515897.000000
932925.449637;9513597.000000
939679.256881;9512065.000000
928205.594341;9509309.000000
937419.649282;9507848.000000
933662.275427;9505817.000000
934585.630383;9504041.000000
929542.802705;9501700.000000
934557.990838;9500188.000000
936273.321972;9498181.000000
929709.096132;9496627.000000
929630.966109;9494644.000000
932892.577982;9493025.000000
932762.951342;9491162.000000
930596.958732;9489373.000000
926348.845194;9487192.000000
933187.587117;9484894.000000
930814.177895;9482738.000000
930974.055577;9480319.000000
927358.338915;9478669.000000
930867.646520;9476952.000000
925153.960884;9474595.000000
930989.041051;9472808.000000
932590.481031;9470971.000000
925234.515240;9468487.000000
931682.020685;9466383.000000
929784.445407;9464384.000000
929350.697661;9462499.000000
927493.234352;9460896.000000
932990.888658;9458987.000000
928797.622138;9456864.000000
927404.362709;9454731.000000
926964.987927;9452783.000000
926280.622753;9450505.000000
927284.837971;9448738.000000
931004.223072;9446542.000000
925953.956633;9444209.000000
930809.926959;9442317.000000
930378.284961;9440828.000000
924999.150148;9438523.000000
924315.396225;9435880.000000
917986.049111;9433203.000000
928548.498131;9431078.000000
925001.480119;9429069.000000
927171.833360;9426741.000000
922506.030006;9424424.000000
927340.465588;9422459.000000
923440.882557;9420571.000000
920036.092718;9418092.000000
921817.944439;9416060.000000
926556.439320;9413776.000000
923242.189764;9411497.000000
924195.580631;9409302.000000
