2584893.487805;26753644.000000
2585794.604374;26750111.000000
2602376.323689;26746890.000000
2588757.862494;26743275.000000
2600278.171276;26739660.000000
2577984.652082;26735595.000000
2574508.506548;26731764.000000
2583881.537449;26728006.000000
2595492.755684;26724304.000000
2579999.953934;26720961.000000
2584234.914399;26717141.000000
2585789.655755;26713967.000000
2582839.525298;26710178.000000
2591548.851081;26707071.000000
2595290.384304;26703869.000000
2604389.851972;26700591.000000
2579005.516176;26696624.000000
2582723.186375;26692768.000000
2588736.959940;26689696.000000
2586762.366425;26686630.000000
2582504.175899;26683036.000000
2594628.224583;26679576.000000
2586249.622629;26675962.000000
2593224.088487;26672645.000000
2591926.527220;26669172.000000
2586491.835034;26665718.000000
2576435.815632;26661758.000000
2574608.542017;26658200.000000
2573427.861983;26654743.000000
2590691.693282;26651737.000000
2592561.207253;26648499.000000
2590212.935702;26645024.000000
2578890.860521;26641964.000000
2587333.117748;26639024.000000
2588344.716618;26635957.000000
2596465.974276;26632806.000000
2574817.842387;26629197.000000
2573761.644095;26626109.000000
2589339.936265;26622976.000000
2567734.939583;26619181.000000
2596649.456581;26616418.000000
2595963.450116;26613377.000000
2582943.701293;26610266.000000
2585600.856945;26606780.000000
2589461.728957;26603953.000000
2573802.110663;26600336.000000
2570496.774760;26597012.000000
2563695.788198;26593411.000000
2584381.522768;26590040.000000
2574391.177932;26586184.000000
2588445.354967;26582663.000000
2564006.515136;26579080.000000
2565065.343762;26575521.000000
2580591.853312;26572375.000000
2588970.138149;26569238.000000
2573765.152901;26565216.000000
2569816.426930;26561820.000000
2580494.649776;26558231.000000
2576618.000439;26554815.000000
2581710.479966;26551149.000000
2565332.585945;26547446.000000
2569382.128462;26543891.000000
2574596.719175;26540696.000000
2564333.128804;26537492.000000
2568767.348230;26533986.000000
2567425.990938;26530532.000000
2572192.683543;26527153.000000
2555123.450202;26523312.000000
2573546.916250;26519861.000000
2567183.842973;26516373.000000
2576797.694464;26513341.000000
2562250.705696;26509986.000000
2562737.012563;26506657.000000
2556940.640022;26502616.000000
2558855.470816;26499297.000000
2585317.798652;26495816.000000
2564755.516434;26492099.000000
2551538.900870;26488112.000000
2556704.196296;26484386.000000
2558841.401781;26480610.000000
2569423.087960;26477122.000000
2568142.872287;26473369.000000
2576144.802586;26470325.000000
2565010.094612;26466846.000000
2558390.277990;26463068.000000
2557639.392031;26459212.000000
2574424.333375;26456033.000000
2549555.607037;26452083.000000
2566417.776080;26448560.000000
2559467.645570;26444887.000000
2559753.139618;26441133.000000
2564938.941851;26437485.000000
2577439.854543;26434612.000000
2569938.896778;26431565.000000
2572562.881016;26427923.000000
2564219.769780;26424428.000000
2560873.586022;26420959.000000
2566804.953829;26417854.000000
2564751.139700;26414339.000000
2557940.179713;26411030.000000
