1.152244;11.000000
1.238211;8.000000
1.235163;16.000000
1.188711;12.000000
1.242426;15.000000
1.283986;18.000000
1.227226;12.000000
1.199070;29.000000
1.210980;28.000000
1.238814;12.000000
1.235818;11.000000
1.262663;16.000000
1.198458;26.000000
1.243940;16.000000
1.234885;17.000000
1.251672;21.000000
1.264800;10.000000
1.180647;12.000000
1.267584;19.000000
1.178506;7.000000
1.207207;9.000000
1.211735;6.000000
1.240715;10.000000
1.269914;16.000000
1.162086;10.000000
1.230120;25.000000
1.258784;12.000000
1.270165;21.000000
1.318289;14.000000
1.299878;13.000000
1.255282;8.000000
1.235539;2.000000
1.243970;2.000000
1.225821;20.000000
1.199136;15.000000
1.240313;5.000000
1.228994;9.000000
1.300523;4.000000
1.239463;4.000000
1.262375;4.000000
1.271906;14.000000
1.247310;5.000000
1.216559;13.000000
1.261824;17.000000
1.209074;21.000000
1.271527;3.000000
1.261172;14.000000
1.265430;16.000000
1.262295;8.000000
1.301409;2.000000
1.267616;5.000000
1.232888;21.000000
1.304663;10.000000
1.239667;10.000000
1.251125;14.000000
1.254628;11.000000
1.274788;23.000000
1.205589;13.000000
1.258932;9.000000
1.281657;10.000000
1.265799;2.000000
1.225870;23.000000
1.225294;10.000000
1.201539;13.000000
1.291783;8.000000
1.219250;12.000000
1.235998;22.000000
1.204359;18.000000
1.255504;9.000000
1.346712;18.000000
1.238633;13.000000
1.254186;8.000000
1.252882;24.000000
1.333578;4.000000
1.228358;16.000000
1.249251;13.000000
1.263442;15.000000
1.226696;10.000000
1.234671;17.000000
1.251500;7.000000
1.195353;13.000000
1.209132;27.000000
1.262079;11.000000
1.286926;8.000000
1.234620;20.000000
1.270196;18.000000
1.168371;7.000000
1.221968;13.000000
1.219302;13.000000
1.205639;6.000000
1.201629;10.000000
1.193987;11.000000
1.313604;10.000000
1.275337;11.000000
1.246147;15.000000
1.204470;8.000000
1.223824;8.000000
1.267599;12.000000
1.249425;1.000000
1.228183;8.000000
