1.543547;13.000000
1.758351;31.000000
1.763504;3.000000
1.834237;28.000000
1.810688;41.000000
1.891996;27.000000
1.830630;16.000000
1.744624;18.000000
1.752700;19.000000
1.990652;13.000000
1.905203;9.000000
1.614085;12.000000
1.715386;14.000000
1.791698;20.000000
1.590091;5.000000
1.697100;30.000000
1.631522;16.000000
1.607764;5.000000
1.647292;7.000000
1.675445;7.000000
1.757340;7.000000
1.857684;21.000000
1.837247;19.000000
1.879557;3.000000
1.734151;3.000000
1.608035;16.000000
1.663831;11.000000
1.641171;15.000000
1.639410;8.000000
1.847365;2.000000
1.658383;13.000000
1.729224;17.000000
1.688503;30.000000
1.808539;22.000000
1.758622;4.000000
1.676175;6.000000
1.722480;20.000000
1.920239;5.000000
1.778789;7.000000
1.576112;78.000000
1.657925;13.000000
1.862457;18.000000
1.894927;40.000000
1.888295;24.000000
1.772758;6.000000
1.638770;10.000000
1.633269;11.000000
1.706118;18.000000
1.621804;18.000000
2.009780;22.000000
1.804451;7.000000
1.673187;19.000000
1.806199;3.000000
1.799346;16.000000
1.642730;28.000000
1.873835;19.000000
1.658084;6.000000
1.752706;12.000000
1.710583;16.000000
1.720736;23.000000
1.762398;6.000000
1.739208;12.000000
1.594517;14.000000
1.817216;15.000000
1.622498;12.000000
1.812003;4.000000
1.725831;21.000000
1.855571;30.000000
1.608300;8.000000
1.865493;22.000000
1.878438;11.000000
1.715707;33.000000
1.643426;4.000000
1.761833;5.000000
1.842827;29.000000
1.815862;4.000000
1.702382;22.000000
1.670266;28.000000
1.615773;7.000000
1.711246;19.000000
1.845938;58.000000
1.740598;12.000000
1.667949;30.000000
1.991553;18.000000
1.750366;10.000000
1.777359;6.000000
1.854708;11.000000
1.742632;6.000000
1.762491;65.000000
1.839430;28.000000
1.815328;8.000000
1.946200;20.000000
1.779280;7.000000
1.851971;11.000000
1.685329;39.000000
1.761662;23.000000
1.607673;10.000000
1.890926;15.000000
1.887136;12.000000
1.996543;5.000000
