3611488.888005;36129533.000000
3598005.557232;36129373.000000
3623508.029321;36129464.000000
3607319.235418;36129338.000000
3596825.595728;36129421.000000
3607713.794313;36128915.000000
3601807.696792;36128744.000000
3605766.461170;36128791.000000
3622017.667538;36128830.000000
3610725.221708;36128997.000000
3626776.704232;36128714.000000
3621415.158000;36129050.000000
3617181.883566;36129145.000000
3602487.363424;36129391.000000
3638961.446183;36129887.000000
3635137.325523;36129841.000000
3616868.144107;36129811.000000
3614307.778403;36129795.000000
3605936.461049;36130115.000000
3610629.213184;36130292.000000
3626584.423376;36130072.000000
3595472.564284;36129513.000000
3622941.712496;36129923.000000
3612496.417452;36130074.000000
3604662.693583;36130339.000000
3614066.577793;36129710.000000
3614502.939996;36129275.000000
3608273.758992;36128949.000000
3616279.002837;36129451.000000
3603250.175486;36129374.000000
3620947.784245;36129777.000000
3627969.365811;36130011.000000
3618690.170943;36129811.000000
3627333.086368;36130169.000000
3617157.981909;36129634.000000
3630685.295607;36129780.000000
3603976.394139;36130001.000000
3586004.238727;36129866.000000
3603232.640977;36129314.000000
3610665.295751;36129252.000000
3610944.055832;36129027.000000
3613053.183087;36129251.000000
3608896.163713;36129424.000000
3620577.263828;36129312.000000
3620306.615665;36129259.000000
3580445.804592;36128310.000000
3620628.971645;36128146.000000
3594077.609910;36128468.000000
3607838.562815;36128202.000000
3618335.665473;36128284.000000
3593151.830937;36127556.000000
3586988.200555;36127114.000000
3611230.065821;36127311.000000
3622715.836766;36127554.000000
3601235.718595;36127257.000000
3617759.217749;36127651.000000
3608358.808395;36127002.000000
3602436.678276;36126451.000000
3616274.005801;36126631.000000
3589714.006530;36125848.000000
3634798.374309;36125937.000000
3613574.579756;36125683.000000
3599021.438469;36125422.000000
3608714.350000;36125228.000000
3618895.883754;36124759.000000
3613239.801473;36124499.000000
3607365.753532;36124504.000000
3603268.497296;36124558.000000
3615512.913004;36124897.000000
3618522.057732;36124717.000000
3607033.497745;36124422.000000
3590780.677803;36124195.000000
3600853.939416;36124349.000000
3615549.030654;36124497.000000
3604020.569513;36124184.000000
3580418.928832;36123444.000000
3601587.685714;36122897.000000
3590354.255031;36122992.000000
3612833.334481;36122708.000000
3611414.020707;36122664.000000
3620851.735882;36122922.000000
3601088.519561;36122253.000000
3623516.319109;36122203.000000
3597174.441511;36122059.000000
3601987.263387;36121543.000000
3615731.114597;36121902.000000
3621529.046015;36121908.000000
3600018.355910;36121812.000000
3611530.984013;36122100.000000
3598985.224141;36121600.000000
3618559.433753;36122437.000000
3615174.348999;36122160.000000
3620194.544756;36122016.000000
3606811.383591;36122501.000000
3610115.099691;36122365.000000
3606206.969947;36122200.000000
3622944.688627;36121978.000000
3607298.951277;36121598.000000
3617361.500134;36121707.000000
3609946.317743;36121965.000000
