1.247991;14.000000
1.337619;11.000000
1.337640;21.000000
1.358774;16.000000
1.288293;7.000000
1.335622;15.000000
1.271272;11.000000
1.237866;3.000000
1.297434;46.000000
1.277387;3.000000
1.296307;25.000000
1.345298;7.000000
1.280168;19.000000
1.374255;20.000000
1.366522;12.000000
1.285560;48.000000
1.347279;10.000000
1.259223;33.000000
1.372295;21.000000
1.268077;20.000000
1.323592;23.000000
1.357901;16.000000
1.347030;9.000000
1.328959;16.000000
1.310195;13.000000
1.312356;43.000000
1.289633;5.000000
1.283177;14.000000
1.309756;19.000000
1.319238;11.000000
1.360905;19.000000
1.314041;2.000000
1.353202;12.000000
1.263810;5.000000
1.310667;9.000000
1.319665;7.000000
1.269791;7.000000
1.362761;11.000000
1.318415;12.000000
1.318338;5.000000
1.286764;4.000000
1.324408;6.000000
1.419389;13.000000
1.353287;12.000000
1.342417;12.000000
1.314877;3.000000
1.265302;14.000000
1.365046;17.000000
1.243551;4.000000
1.321682;9.000000
1.311160;16.000000
1.229863;13.000000
1.337597;26.000000
1.358412;8.000000
1.320825;17.000000
1.364976;16.000000
1.371453;7.000000
1.360604;9.000000
1.283049;15.000000
1.248671;13.000000
1.312175;15.000000
1.352962;12.000000
1.290092;18.000000
1.327185;24.000000
1.311105;13.000000
1.301722;11.000000
1.304882;15.000000
1.262655;12.000000
1.388303;39.000000
1.365707;13.000000
1.358962;11.000000
1.266631;10.000000
1.289458;20.000000
1.352016;30.000000
1.348431;11.000000
1.332226;8.000000
1.267029;29.000000
1.327836;10.000000
1.318957;14.000000
1.345417;16.000000
1.287423;10.000000
1.314951;19.000000
1.325544;20.000000
1.353114;17.000000
1.350934;32.000000
1.360219;20.000000
1.337493;10.000000
1.290654;9.000000
1.358475;9.000000
1.350724;15.000000
1.325775;20.000000
1.315245;12.000000
1.312929;7.000000
1.328173;19.000000
1.454202;15.000000
1.274096;8.000000
1.317033;10.000000
1.401938;9.000000
1.287846;24.000000
1.369013;8.000000
