2336131.469706;21571169.000000
2328306.298865;21579400.000000
2333100.062659;21587369.000000
2333346.852998;21595391.000000
2343585.608508;21603562.000000
2320205.861141;21611289.000000
2338183.047789;21619271.000000
2326716.983862;21626821.000000
2344553.474641;21635238.000000
2333527.361787;21643309.000000
2349049.194226;21651854.000000
2348039.299322;21660331.000000
2334467.390340;21668458.000000
2348633.228111;21676955.000000
2346723.564050;21685171.000000
2333468.255872;21693080.000000
2343430.953100;21701660.000000
2351093.056820;21709908.000000
2336998.322754;21717331.000000
2352106.278202;21725536.000000
2343995.286834;21733777.000000
2345321.650721;21741474.000000
2343067.652095;21749065.000000
2363782.666916;21757262.000000
2340165.890494;21765088.000000
2355423.789014;21772993.000000
2358893.964351;21781129.000000
2363366.395005;21789322.000000
2348119.054868;21797429.000000
2351863.526673;21805306.000000
2364702.356339;21813097.000000
2361654.950368;21821553.000000
2367049.044841;21829516.000000
2362647.259340;21837846.000000
2357006.469438;21846083.000000
2360471.708658;21853425.000000
2363328.939184;21861933.000000
2357960.493709;21869845.000000
2372310.933641;21878224.000000
2365840.438611;21886166.000000
2374170.595943;21894167.000000
2366849.805858;21902324.000000
2381225.236861;21910393.000000
2371193.667700;21918254.000000
2366142.208472;21926478.000000
2381719.277633;21934834.000000
2366716.473447;21942986.000000
2381638.822821;21951194.000000
2378283.109855;21959830.000000
2388727.777031;21967845.000000
2375882.560310;21975795.000000
2374635.725647;21983168.000000
2387696.501045;21991460.000000
2376155.073598;21999823.000000
2388549.201916;22007719.000000
2377920.100917;22015690.000000
2385809.317718;22023786.000000
2388975.887671;22031970.000000
2383233.474555;22040186.000000
2389783.701152;22048336.000000
2386733.074656;22056389.000000
2383780.061530;22065440.000000
2385745.946420;22073784.000000
2380122.920623;22081778.000000
2397133.389017;22089960.000000
2399669.140408;22097745.000000
2391852.177906;22105858.000000
2390636.628276;22113523.000000
2389548.348432;22121431.000000
2398593.648046;22130170.000000
2387109.840662;22137964.000000
2398252.358224;22146063.000000
2395818.636449;22153563.000000
2400094.092926;22162129.000000
2399596.906396;22169940.000000
2402878.671080;22178142.000000
2394914.322695;22185958.000000
2398170.893387;22193842.000000
2399696.854439;22201978.000000
2394799.984253;22209972.000000
2414012.341274;22218364.000000
2404482.682584;22226441.000000
2393011.077235;22234571.000000
2408862.905779;22242565.000000
2419206.136251;22251358.000000
2398830.883093;22259788.000000
2405499.154909;22267412.000000
2415908.336453;22275599.000000
2409656.208468;22283812.000000
2409208.145436;22292377.000000
2403926.876146;22300173.000000
2416195.199442;22308033.000000
2399894.375008;22315427.000000
2409118.719453;22323882.000000
2404102.709759;22332165.000000
2419173.239289;22340349.000000
2410231.034328;22348348.000000
2416100.283871;22356667.000000
2427966.680332;22364975.000000
2411738.934948;22373016.000000
