3658958.054164;35556716.000000
3641001.773888;35559576.000000
3662716.803885;35562586.000000
3658055.651784;35565929.000000
3652051.406623;35568936.000000
3667257.546186;35571093.000000
3652179.541122;35573569.000000
3659954.641668;35575978.000000
3676275.744203;35579053.000000
3650952.684478;35581804.000000
3653977.772718;35584406.000000
3680115.400691;35587459.000000
3668570.479303;35590714.000000
3668863.238020;35593973.000000
3671893.749533;35596747.000000
3661524.061002;35599564.000000
3681693.712883;35603062.000000
3664427.429873;35605507.000000
3657482.771603;35608657.000000
3649088.787603;35612073.000000
3676899.893699;35615080.000000
3649421.724610;35618062.000000
3648058.696522;35620679.000000
3657817.176173;35623759.000000
3673229.640042;35626966.000000
3656629.854774;35629925.000000
3661269.287221;35632746.000000
3669323.385574;35635305.000000
3644735.526107;35638427.000000
3659787.800566;35640571.000000
3637856.723719;35643289.000000
3658860.533579;35646195.000000
3658580.257797;35649601.000000
3674395.801703;35652621.000000
3662408.575993;35655750.000000
3664372.694253;35658827.000000
3673030.252727;35661696.000000
3664880.909617;35664674.000000
3645980.073544;35666998.000000
3673942.005669;35669958.000000
3647882.860367;35672595.000000
3663224.039136;35675112.000000
3653985.839560;35677658.000000
3671679.043420;35680465.000000
3657942.500258;35682847.000000
3670196.177135;35685372.000000
3690726.189112;35688309.000000
3659544.938526;35691116.000000
3635245.856312;35693926.000000
3658515.983231;35697003.000000
3680352.977364;35700046.000000
3668323.957407;35703058.000000
3690458.420012;35706745.000000
3685271.465498;35710116.000000
3670305.224007;35713321.000000
3661001.336473;35716240.000000
3661166.286959;35718943.000000
3661039.493694;35721397.000000
3659163.641295;35724186.000000
3660473.169573;35727069.000000
3668735.139906;35729762.000000
3686360.410809;35733194.000000
3690108.241090;35736777.000000
3653969.256951;35739052.000000
3688937.015819;35741449.000000
3674387.400936;35744509.000000
3695886.807468;35747709.000000
3680676.039253;35750932.000000
3671310.274153;35753836.000000
3657794.829263;35756475.000000
3685216.959603;35759762.000000
3660664.650199;35763008.000000
3679606.211188;35765635.000000
3690398.407113;35768719.000000
3670392.223825;35771867.000000
3669423.854627;35775174.000000
3680878.077933;35778227.000000
3688161.574594;35781147.000000
3689532.056351;35783983.000000
3673286.397695;35787339.000000
3680476.644245;35790051.000000
3654302.032235;35792443.000000
3679322.019227;35795468.000000
3689567.297502;35798599.000000
3677305.043608;35802221.000000
3656381.527154;35804727.000000
3672150.163437;35807304.000000
3651776.262155;35809938.000000
3668629.743882;35812696.000000
3682257.633565;35815656.000000
3676506.059907;35818621.000000
3680560.353242;35821153.000000
3672456.884013;35823725.000000
3671061.872725;35826442.000000
3667191.185896;35829628.000000
3687918.687801;35832713.000000
3680271.545740;35835340.000000
3679989.107860;35838537.000000
3689514.766765;35841754.000000
3669611.589699;35844941.000000
