3629026.309724;35818123.000000
3618797.889179;35819494.000000
3637026.838168;35820991.000000
3623897.144734;35822382.000000
3641342.212625;35823755.000000
3630567.873955;35825290.000000
3603340.965707;35826242.000000
3620791.151956;35827353.000000
3631731.823140;35828856.000000
3639176.200453;35830605.000000
3627655.213838;35832032.000000
3639555.396320;35833044.000000
3626574.524079;35834420.000000
3620912.742956;35835736.000000
3640769.910932;35837293.000000
3624982.524044;35838335.000000
3648004.494520;35839655.000000
3668300.382811;35841619.000000
3633265.400003;35843001.000000
3631498.931796;35844325.000000
3614050.514472;35845607.000000
3611144.620570;35846920.000000
3635098.625547;35848280.000000
3652909.177081;35849345.000000
3629956.618856;35850697.000000
3628762.856146;35851859.000000
3654106.511755;35853250.000000
3650675.249284;35854852.000000
3634318.658087;35856376.000000
3646435.275555;35857819.000000
3650441.435369;35859850.000000
3631632.219704;35860605.000000
3652833.744347;35862351.000000
3636978.186980;35863700.000000
3647412.080032;35865271.000000
3635295.043843;35866468.000000
3661556.956595;35868222.000000
3653936.661666;35869576.000000
3642915.107973;35870871.000000
3630344.547785;35872191.000000
3640019.798668;35873435.000000
3634641.077273;35874892.000000
3642334.060033;35876740.000000
3635775.312019;35878584.000000
3639173.716016;35880036.000000
3660237.521600;35881905.000000
3646711.785239;35883440.000000
3622254.511487;35884425.000000
3635422.425592;35885827.000000
3634748.252476;35887622.000000
3665858.367524;35889394.000000
3631566.919220;35891254.000000
3633620.413637;35892929.000000
3633792.681607;35894559.000000
3644029.029664;35895717.000000
3650866.503462;35897485.000000
3643725.906546;35898403.000000
3653075.155271;35900315.000000
3613420.449899;35900881.000000
3621577.033259;35902424.000000
3619058.897019;35904015.000000
3649384.845533;35905602.000000
3643566.327557;35907177.000000
3649411.552596;35908635.000000
3630915.426374;35910271.000000
3640188.165050;35911592.000000
3635755.358197;35912822.000000
3664681.577376;35914825.000000
3643660.213239;35915875.000000
3645362.621406;35917444.000000
3644277.328884;35918858.000000
3642873.073556;35920562.000000
3649667.642199;35921766.000000
3627430.943379;35922893.000000
3634601.923433;35923978.000000
3635839.878899;35925438.000000
3635214.367521;35927070.000000
3632154.924351;35928424.000000
3661165.974828;35930318.000000
3666110.412491;35931964.000000
3630786.693951;35933544.000000
3646151.301075;35934685.000000
3639183.695660;35936363.000000
3643860.487651;35937926.000000
3634760.760437;35939309.000000
3652684.885890;35941377.000000
3635534.850097;35943086.000000
3651061.884791;35944565.000000
3645195.777702;35946418.000000
3664230.504536;35948087.000000
3660102.347301;35949849.000000
3638047.850549;35950943.000000
3653211.642930;35952138.000000
3645823.460078;35953627.000000
3641038.461951;35955091.000000
3667696.452693;35956665.000000
3644335.579766;35957618.000000
3659249.253432;35959217.000000
3648861.458865;35960539.000000
3634608.598344;35962473.000000
