1.281991;49.000000
1.454143;8.000000
1.448337;14.000000
1.413021;11.000000
1.461329;4.000000
1.393949;12.000000
1.433993;15.000000
1.392528;19.000000
1.454735;36.000000
1.453185;10.000000
1.317641;12.000000
1.356093;19.000000
1.496105;14.000000
1.521387;23.000000
1.352422;24.000000
1.376834;40.000000
1.405363;15.000000
1.508249;11.000000
1.562742;14.000000
1.380438;19.000000
1.510173;15.000000
1.327727;16.000000
1.541458;4.000000
1.408816;4.000000
1.567263;17.000000
1.375905;26.000000
1.470072;25.000000
1.480190;12.000000
1.473615;9.000000
1.404622;16.000000
1.498510;17.000000
1.416429;13.000000
1.374588;26.000000
1.454322;3.000000
1.413137;4.000000
1.458865;43.000000
1.348132;15.000000
1.370367;28.000000
1.456580;14.000000
1.379696;14.000000
1.419311;23.000000
1.392680;4.000000
1.374370;13.000000
1.421463;21.000000
1.372374;10.000000
1.426620;10.000000
1.339965;27.000000
1.357758;47.000000
1.443777;15.000000
1.404620;31.000000
1.414065;2.000000
1.363038;17.000000
1.337473;9.000000
1.357134;22.000000
1.337593;4.000000
1.373154;4.000000
1.327445;5.000000
1.370276;9.000000
1.401058;15.000000
1.408510;10.000000
1.464329;29.000000
1.474733;16.000000
1.393850;10.000000
1.473191;13.000000
1.339890;9.000000
1.508713;4.000000
1.419670;12.000000
1.375000;33.000000
1.403411;25.000000
1.455929;13.000000
1.394014;29.000000
1.465076;12.000000
1.442844;9.000000
1.437120;25.000000
1.383374;6.000000
1.437538;7.000000
1.356653;10.000000
1.384712;23.000000
1.460553;27.000000
1.387562;9.000000
1.405146;13.000000
1.266413;6.000000
1.402040;26.000000
1.513447;29.000000
1.445791;5.000000
1.418028;11.000000
1.453121;5.000000
1.414896;5.000000
1.449085;11.000000
1.360253;18.000000
1.466412;15.000000
1.476141;44.000000
1.414062;17.000000
1.396337;10.000000
1.410242;6.000000
1.503917;5.000000
1.352646;15.000000
1.358340;27.000000
1.367766;15.000000
1.460020;11.000000
