3817551.371669;37590961.000000
3807928.876116;37592611.000000
3809653.739710;37594290.000000
3822975.553031;37595864.000000
3810210.334724;37597265.000000
3817111.107055;37598977.000000
3794382.101171;37600237.000000
3820128.366531;37601935.000000
3814497.117218;37603488.000000
3800339.153280;37604477.000000
3843762.485146;37606327.000000
3828292.792530;37608217.000000
3817357.504419;37609823.000000
3828362.879985;37611708.000000
3828207.714508;37613783.000000
3828450.951051;37615496.000000
3824197.876828;37617306.000000
3809537.118834;37619107.000000
3825060.532489;37620881.000000
3831365.262631;37622396.000000
3812921.616226;37624355.000000
3813875.537915;37626247.000000
3825416.932139;37627541.000000
3811676.847227;37629057.000000
3831065.781997;37630890.000000
3822156.908358;37632396.000000
3835595.732485;37633509.000000
3816325.343867;37634318.000000
3830337.581920;37635766.000000
3844481.334836;37637660.000000
3816009.023327;37639088.000000
3809092.616585;37641281.000000
3817198.226199;37642383.000000
3830239.081042;37643971.000000
3820192.156416;37645883.000000
3804283.336031;37647107.000000
3807638.257399;37648616.000000
3826688.553056;37650059.000000
3806254.861703;37651178.000000
3816452.809058;37653031.000000
3800558.933779;37654297.000000
3815609.450484;37656248.000000
3808598.655347;37657524.000000
3826484.881076;37659154.000000
3821684.470687;37660766.000000
3818700.716488;37662289.000000
3827252.016395;37663787.000000
3830704.729567;37665045.000000
3806236.062698;37665959.000000
3811864.599712;37667902.000000
3815551.821367;37669367.000000
3815820.093476;37670877.000000
3826798.891288;37672461.000000
3821329.959842;37674318.000000
3814102.141046;37675790.000000
3835079.923848;37677348.000000
3813001.888737;37678687.000000
3831036.333618;37679927.000000
3839086.674863;37681381.000000
3817201.861912;37682602.000000
3832994.715895;37684127.000000
3825621.859675;37685642.000000
3824426.607169;37687312.000000
3836896.500672;37689565.000000
3815572.107830;37691062.000000
3819067.624346;37692614.000000
3795927.167864;37693370.000000
3811195.177021;37694979.000000
3832855.929149;37696491.000000
3816546.677417;37697809.000000
3823010.290674;37698820.000000
3845436.321631;37700853.000000
3840030.160654;37702346.000000
3823628.282245;37703520.000000
3822367.505818;37705452.000000
3829904.630013;37706970.000000
3820508.830635;37708370.000000
3805353.325141;37709398.000000
3841888.299563;37711358.000000
3824061.668300;37713398.000000
3839304.239511;37714934.000000
3829509.700556;37716414.000000
3788368.427293;37717438.000000
3814410.226752;37718772.000000
3842334.868224;37720499.000000
3843593.400744;37721971.000000
3840237.888112;37723621.000000
3818947.790952;37725073.000000
3841266.914699;37726890.000000
3817668.043928;37728792.000000
3826721.516776;37730378.000000
3840034.253508;37732805.000000
3839985.175130;37734225.000000
3820710.702610;37735888.000000
3838281.091105;37737834.000000
3822484.435564;37739757.000000
3825116.940420;37741347.000000
3829515.634814;37742715.000000
3818780.844493;37744152.000000
3810455.058490;37745352.000000
