1015939.636218;10579385.000000
1013461.906027;10574871.000000
1020712.327394;10570800.000000
1017176.982285;10566493.000000
1007174.569540;10561813.000000
1014546.729694;10557099.000000
1008018.615327;10552287.000000
1015458.890629;10547978.000000
1011626.989436;10543822.000000
1016053.696412;10539557.000000
1012558.150006;10534885.000000
1008879.903774;10530552.000000
1010640.858612;10525886.000000
1014843.535466;10521685.000000
1013578.168408;10517688.000000
1015280.190211;10513416.000000
1013711.796082;10508866.000000
1007777.041616;10504659.000000
1009742.086890;10500295.000000
1003731.860912;10495736.000000
1009157.478765;10491522.000000
1000909.083293;10486663.000000
1010734.694035;10481982.000000
1008451.720727;10477496.000000
1010460.303200;10473395.000000
1008077.165099;10469066.000000
1007153.938010;10464877.000000
1004266.224902;10460403.000000
1003107.533854;10456196.000000
1006903.495891;10452160.000000
1007480.726854;10447928.000000
1000912.144751;10443269.000000
1003617.625730;10438998.000000
1006427.107741;10435046.000000
1004851.432847;10430884.000000
999814.143790;10426609.000000
1003741.122634;10421888.000000
1004040.960071;10417934.000000
1002167.434441;10413462.000000
1003319.025524;10408882.000000
1000675.324420;10404680.000000
1004046.449632;10400191.000000
998079.705608;10395647.000000
999010.538277;10391248.000000
1001166.399574;10386705.000000
998781.704210;10382685.000000
996028.480869;10377576.000000
995087.236913;10372897.000000
999729.897726;10368361.000000
998260.654143;10364014.000000
1003057.223908;10359532.000000
991229.430975;10355230.000000
994925.095943;10350839.000000
997496.673221;10346917.000000
997412.597026;10342842.000000
990640.816862;10337875.000000
991381.186368;10333657.000000
992416.765066;10329128.000000
990593.023092;10324746.000000
992025.128602;10319960.000000
990742.619908;10315462.000000
995409.856406;10311273.000000
993746.733645;10307042.000000
993381.234845;10302622.000000
989205.102809;10298122.000000
981236.242100;10293282.000000
987977.029691;10288617.000000
988350.346872;10283925.000000
986606.580340;10279628.000000
987882.876167;10275136.000000
992509.499841;10270763.000000
993301.180959;10266825.000000
988760.345879;10262281.000000
982372.888944;10257649.000000
983962.417168;10253134.000000
980809.123889;10248324.000000
983629.065145;10244063.000000
982244.205218;10239501.000000
983448.500833;10235517.000000
983571.440098;10231493.000000
981519.363586;10227244.000000
988646.822916;10223031.000000
980393.885219;10219006.000000
980402.014847;10215036.000000
987329.578588;10211197.000000
980550.568711;10207108.000000
979538.677207;10202459.000000
977030.960041;10197794.000000
978605.028146;10193543.000000
975735.228083;10189054.000000
976801.784720;10184403.000000
979448.320064;10179983.000000
978238.946839;10175836.000000
970932.567418;10171641.000000
975332.511187;10167555.000000
982791.936140;10163427.000000
975435.397460;10159131.000000
976426.335186;10154884.000000
970308.873503;10150107.000000
976263.943868;10145719.000000
