1.204893;11.000000
1.324470;7.000000
1.221865;21.000000
1.271310;9.000000
1.240177;25.000000
1.225025;10.000000
1.272690;12.000000
1.276840;28.000000
1.268419;20.000000
1.253931;3.000000
1.224012;17.000000
1.260399;6.000000
1.216403;5.000000
1.261240;1.000000
1.239920;10.000000
1.225601;21.000000
1.273649;3.000000
1.221147;12.000000
1.278970;12.000000
1.289071;12.000000
1.194669;8.000000
1.296446;4.000000
1.214878;17.000000
1.213828;8.000000
1.290791;22.000000
1.238948;8.000000
1.281041;14.000000
1.283229;2.000000
1.275720;28.000000
1.253003;12.000000
1.259722;6.000000
1.287332;24.000000
1.281027;18.000000
1.232126;19.000000
1.237851;12.000000
1.275530;16.000000
1.307381;19.000000
1.243563;25.000000
1.219700;3.000000
1.279478;5.000000
1.275361;15.000000
1.243875;16.000000
1.271033;7.000000
1.309479;12.000000
1.229678;10.000000
1.263495;15.000000
1.288904;30.000000
1.276780;30.000000
1.239684;15.000000
1.273229;4.000000
1.275304;10.000000
1.276903;25.000000
1.267688;13.000000
1.303949;14.000000
1.333642;6.000000
1.241017;10.000000
1.242624;26.000000
1.288782;6.000000
1.251017;15.000000
1.256356;13.000000
1.279052;13.000000
1.288137;4.000000
1.321948;26.000000
1.227502;16.000000
1.231453;27.000000
1.289272;30.000000
1.222782;34.000000
1.218591;7.000000
1.227580;33.000000
1.319222;8.000000
1.207356;12.000000
1.254866;8.000000
1.365680;11.000000
1.267604;15.000000
1.236788;15.000000
1.317649;18.000000
1.280484;6.000000
1.250982;6.000000
1.222554;10.000000
1.264612;22.000000
1.209339;23.000000
1.300266;22.000000
1.235473;9.000000
1.247081;15.000000
1.184353;27.000000
1.250572;14.000000
1.319298;12.000000
1.272944;41.000000
1.274007;25.000000
1.246091;24.000000
1.330061;16.000000
1.303693;14.000000
1.241444;8.000000
1.258830;4.000000
1.307463;11.000000
1.211987;11.000000
1.312975;9.000000
1.269985;22.000000
1.322182;18.000000
1.246837;12.000000
