1.059057;19.000000
1.155804;14.000000
1.145071;3.000000
1.103374;13.000000
1.125456;16.000000
1.130184;10.000000
1.106339;2.000000
1.096108;17.000000
1.101438;2.000000
1.136047;15.000000
1.082926;30.000000
1.132295;5.000000
1.121505;13.000000
1.145525;24.000000
1.127140;23.000000
1.145835;7.000000
1.154415;6.000000
1.080076;2.000000
1.172904;12.000000
1.156695;9.000000
1.130083;33.000000
1.120735;2.000000
1.106860;16.000000
1.149336;5.000000
1.116254;23.000000
1.110552;12.000000
1.179850;16.000000
1.136283;9.000000
1.087910;5.000000
1.173233;14.000000
1.116429;17.000000
1.182862;16.000000
1.120196;6.000000
1.111054;6.000000
1.151804;16.000000
1.088289;17.000000
1.146130;3.000000
1.138984;16.000000
1.136039;9.000000
1.127366;9.000000
1.129734;12.000000
1.049117;11.000000
1.119996;6.000000
1.173491;44.000000
1.125072;8.000000
1.095622;11.000000
1.139804;8.000000
1.141405;31.000000
1.116802;11.000000
1.173234;3.000000
1.156815;7.000000
1.153109;11.000000
1.126112;15.000000
1.117745;10.000000
1.126621;2.000000
1.144275;4.000000
1.100722;5.000000
1.155788;16.000000
1.158849;13.000000
1.109506;7.000000
1.091432;3.000000
1.149696;10.000000
1.171851;13.000000
1.157438;15.000000
1.157291;3.000000
1.158122;12.000000
1.170865;5.000000
1.077585;7.000000
1.141091;17.000000
1.159900;20.000000
1.151965;6.000000
1.139039;5.000000
1.074953;6.000000
1.134860;12.000000
1.130766;16.000000
1.153185;8.000000
1.158658;15.000000
1.138541;27.000000
1.074806;10.000000
1.119470;11.000000
1.160340;19.000000
1.092710;5.000000
1.105772;10.000000
1.137521;9.000000
1.099635;4.000000
1.170348;14.000000
1.146694;21.000000
1.115158;23.000000
1.125278;7.000000
1.129235;20.000000
1.124736;12.000000
1.179136;20.000000
1.174386;7.000000
1.106282;11.000000
1.110822;24.000000
1.148395;16.000000
1.128653;7.000000
1.090504;11.000000
1.154957;5.000000
1.093825;9.000000
