2075592.884755;20652589.000000
2070268.652550;20653127.000000
2077693.582699;20653532.000000
2073031.086908;20653958.000000
2069460.605382;20654759.000000
2072234.660619;20655326.000000
2065053.461650;20655540.000000
2077019.829660;20656152.000000
2077261.267693;20656394.000000
2076924.638967;20656920.000000
2069434.028670;20656710.000000
2078069.723384;20657171.000000
2075329.356183;20657431.000000
2079259.304030;20657390.000000
2067896.888005;20657497.000000
2079555.949552;20658259.000000
2082319.823810;20658785.000000
2070843.964693;20659841.000000
2085522.136520;20660480.000000
2068742.744841;20661002.000000
2070654.736081;20661054.000000
2077834.065008;20661441.000000
2068702.155466;20661882.000000
2075257.206696;20662428.000000
2084310.303120;20662651.000000
2075110.108419;20663340.000000
2071200.564903;20664162.000000
2069090.215582;20664324.000000
2085082.751439;20665581.000000
2077158.842590;20666595.000000
2075654.043541;20667511.000000
2072018.749179;20668125.000000
2071745.476157;20668733.000000
2089805.637695;20669060.000000
2073834.651838;20669168.000000
2072201.398859;20669148.000000
2079113.386114;20669404.000000
2078682.554771;20669482.000000
2087987.791423;20670469.000000
2074331.999263;20670953.000000
2073627.187561;20671275.000000
2083181.491634;20672120.000000
2088781.004844;20673318.000000
2081001.424115;20674017.000000
2071949.013945;20674288.000000
2071074.286611;20674805.000000
2072433.564965;20675128.000000
2076240.998936;20675788.000000
2083781.166957;20676663.000000
2072526.790500;20677377.000000
2082709.226815;20678459.000000
2084876.315970;20678989.000000
2082100.314244;20679706.000000
2075000.119931;20680358.000000
2076737.851146;20680936.000000
2073396.748374;20681487.000000
2081993.100898;20682274.000000
2087344.600414;20683541.000000
2073555.539066;20683755.000000
2080936.040673;20684731.000000
2071643.658496;20685046.000000
2087311.731455;20685736.000000
2076800.048665;20686268.000000
2078061.573310;20686673.000000
2085283.324681;20687181.000000
2071814.632866;20686906.000000
2085711.234301;20687546.000000
2080031.514181;20688441.000000
2083330.033488;20688772.000000
2082818.552376;20689733.000000
2071651.367993;20690403.000000
2085486.934103;20691401.000000
2086559.872754;20692063.000000
2071611.503717;20691976.000000
2072208.890764;20692152.000000
2076537.538990;20692258.000000
2076520.001294;20692757.000000
2074973.634615;20693559.000000
2072366.142014;20693814.000000
2085371.033515;20694659.000000
2084259.396944;20695317.000000
2079478.829015;20695965.000000
2080982.402515;20696490.000000
2089480.988752;20697253.000000
2078003.147666;20697662.000000
2074967.267840;20698516.000000
2084163.244293;20699113.000000
2090798.389844;20700111.000000
2084467.082904;20700770.000000
2084183.587856;20701197.000000
2078384.805632;20701963.000000
2090129.431561;20702640.000000
2093157.071901;20703918.000000
2076151.217391;20704417.000000
2071795.499389;20704586.000000
2080245.194514;20705141.000000
2081111.727281;20705840.000000
2074770.022131;20706163.000000
2078473.373693;20706830.000000
2085357.332360;20706944.000000
