1.194172;26.000000
1.238529;11.000000
1.202009;11.000000
1.208163;22.000000
1.244865;23.000000
1.192832;25.000000
1.267934;17.000000
1.242961;11.000000
1.225889;7.000000
1.279560;21.000000
1.226968;34.000000
1.270816;11.000000
1.241390;24.000000
1.290063;6.000000
1.225841;21.000000
1.184249;10.000000
1.190111;7.000000
1.274894;20.000000
1.240436;7.000000
1.244716;15.000000
1.199679;8.000000
1.238199;15.000000
1.323509;14.000000
1.222254;6.000000
1.221094;7.000000
1.219157;8.000000
1.234477;12.000000
1.237889;15.000000
1.275700;30.000000
1.251412;14.000000
1.269091;4.000000
1.235949;20.000000
1.313309;33.000000
1.284619;13.000000
1.240410;18.000000
1.230754;12.000000
1.295485;22.000000
1.197938;33.000000
1.238187;6.000000
1.237932;22.000000
1.289694;13.000000
1.255645;3.000000
1.221494;11.000000
1.276335;3.000000
1.210558;20.000000
1.228910;5.000000
1.275582;10.000000
1.187707;32.000000
1.238544;6.000000
1.248265;4.000000
1.254478;3.000000
1.213942;10.000000
1.185404;9.000000
1.265930;7.000000
1.245688;19.000000
1.257114;31.000000
1.281720;10.000000
1.191033;8.000000
1.213413;13.000000
1.297795;8.000000
1.226299;5.000000
1.249323;8.000000
1.259880;6.000000
1.182251;13.000000
1.202538;7.000000
1.317778;8.000000
1.250625;32.000000
1.233258;8.000000
1.221039;9.000000
1.218988;4.000000
1.233666;2.000000
1.240788;16.000000
1.246568;8.000000
1.226432;12.000000
1.209751;10.000000
1.260154;14.000000
1.203079;18.000000
1.215349;5.000000
1.259557;13.000000
1.260943;21.000000
1.239559;2.000000
1.243815;13.000000
1.218502;15.000000
1.261864;13.000000
1.201535;6.000000
1.226369;8.000000
1.299265;11.000000
1.241273;6.000000
1.250438;5.000000
1.268192;6.000000
1.237094;12.000000
1.271181;15.000000
1.275202;7.000000
1.241620;13.000000
1.214778;10.000000
1.236582;3.000000
1.192964;22.000000
1.314307;4.000000
1.309646;9.000000
1.243561;6.000000
