1.337342;5.000000
1.506139;30.000000
1.422956;24.000000
1.436693;10.000000
1.454574;4.000000
1.439586;26.000000
1.485542;17.000000
1.438890;13.000000
1.505636;6.000000
1.375229;11.000000
1.466783;6.000000
1.455702;26.000000
1.503445;6.000000
1.403065;16.000000
1.535144;6.000000
1.408142;32.000000
1.432910;12.000000
1.448615;16.000000
1.544443;9.000000
1.442171;13.000000
1.398603;17.000000
1.517171;16.000000
1.421917;14.000000
1.384543;13.000000
1.473645;12.000000
1.427514;8.000000
1.566886;4.000000
1.513114;7.000000
1.473217;25.000000
1.414163;41.000000
1.411299;7.000000
1.529387;6.000000
1.448461;15.000000
1.427829;8.000000
1.488422;25.000000
1.504857;2.000000
1.431135;30.000000
1.406732;28.000000
1.542853;12.000000
1.476242;10.000000
1.388897;43.000000
1.572292;4.000000
1.431109;24.000000
1.552479;22.000000
1.505121;23.000000
1.515961;22.000000
1.364101;15.000000
1.459271;13.000000
1.532152;10.000000
1.425349;21.000000
1.510691;6.000000
1.450371;46.000000
1.470259;50.000000
1.473401;10.000000
1.559314;13.000000
1.499864;8.000000
1.477542;14.000000
1.467182;6.000000
1.459828;13.000000
1.442522;7.000000
1.416531;6.000000
1.548965;10.000000
1.417719;6.000000
1.523678;33.000000
1.424241;9.000000
1.408222;21.000000
1.658777;9.000000
1.540771;14.000000
1.412669;10.000000
1.512425;12.000000
1.487966;16.000000
1.600368;12.000000
1.380378;3.000000
1.470238;34.000000
1.372674;28.000000
1.468174;18.000000
1.476445;3.000000
1.518050;13.000000
1.348461;16.000000
1.659906;40.000000
1.557692;36.000000
1.404751;16.000000
1.283530;27.000000
1.533758;15.000000
1.438424;8.000000
1.402899;19.000000
1.395016;20.000000
1.416176;12.000000
1.413970;15.000000
1.437446;14.000000
1.521521;28.000000
1.594770;19.000000
1.453735;35.000000
1.459670;28.000000
1.490264;21.000000
1.529377;7.000000
1.449241;27.000000
1.501001;5.000000
1.439364;22.000000
1.490478;19.000000
