1.263372;13.000000
1.309677;13.000000
1.345873;10.000000
1.309417;18.000000
1.324037;25.000000
1.317602;9.000000
1.363004;10.000000
1.310391;6.000000
1.302404;42.000000
1.292706;9.000000
1.367552;17.000000
1.262081;32.000000
1.334990;3.000000
1.249163;6.000000
1.298419;10.000000
1.295764;18.000000
1.383270;1.000000
1.257371;38.000000
1.409982;13.000000
1.279956;8.000000
1.207045;22.000000
1.350180;11.000000
1.268829;10.000000
1.396268;19.000000
1.349616;18.000000
1.346950;5.000000
1.293153;9.000000
1.338570;10.000000
1.352904;1.000000
1.359219;4.000000
1.265484;17.000000
1.310522;15.000000
1.274118;18.000000
1.319106;19.000000
1.264674;15.000000
1.378057;13.000000
1.291153;2.000000
1.277938;10.000000
1.319512;24.000000
1.368555;11.000000
1.331101;12.000000
1.310716;19.000000
1.271710;29.000000
1.310811;6.000000
1.393514;33.000000
1.379118;15.000000
1.316677;16.000000
1.292719;21.000000
1.296746;15.000000
1.353258;9.000000
1.237955;46.000000
1.373214;13.000000
1.275687;4.000000
1.335220;16.000000
1.276586;9.000000
1.302111;12.000000
1.283232;14.000000
1.342771;29.000000
1.290970;20.000000
1.460743;25.000000
1.276428;7.000000
1.382757;2.000000
1.397117;18.000000
1.377795;8.000000
1.298270;13.000000
1.288841;13.000000
1.332395;4.000000
1.330510;4.000000
1.269754;18.000000
1.369423;12.000000
1.362626;27.000000
1.353124;25.000000
1.299346;29.000000
1.288205;11.000000
1.424268;7.000000
1.311712;2.000000
1.455341;29.000000
1.344263;33.000000
1.348010;31.000000
1.388967;14.000000
1.328602;5.000000
1.294096;7.000000
1.289944;17.000000
1.271238;15.000000
1.290497;17.000000
1.254769;8.000000
1.324212;31.000000
1.296457;14.000000
1.352351;10.000000
1.253810;11.000000
1.307929;21.000000
1.385218;7.000000
1.351629;7.000000
1.298843;27.000000
1.378991;11.000000
1.353594;18.000000
1.407741;11.000000
1.351947;5.000000
1.302753;15.000000
1.295973;2.000000
