523121.852499;5546792.000000
521241.527329;5540101.000000
523452.613847;5533620.000000
520865.999991;5526888.000000
518711.534032;5520288.000000
518999.884243;5513236.000000
520967.871977;5507083.000000
519368.892320;5501019.000000
516978.438855;5494251.000000
517243.083103;5487568.000000
517950.248459;5481260.000000
517889.389198;5475356.000000
515778.939457;5469052.000000
516064.410962;5462598.000000
515193.864919;5455978.000000
515717.686626;5449439.000000
514549.660701;5442802.000000
510257.838787;5435600.000000
512089.106345;5429041.000000
512749.271088;5422964.000000
510936.416472;5416279.000000
505837.449868;5408856.000000
509524.798300;5402521.000000
510726.381634;5395927.000000
508092.800244;5390003.000000
509499.498223;5383696.000000
508752.311686;5377354.000000
509469.415839;5371055.000000
507286.110939;5364389.000000
503594.192358;5357442.000000
506247.042812;5351432.000000
503221.714805;5344668.000000
501970.482214;5337865.000000
502409.024869;5331223.000000
501250.975402;5324248.000000
502265.036000;5317934.000000
504961.094837;5311955.000000
495806.929726;5304781.000000
497231.455963;5298114.000000
499502.938886;5291628.000000
496848.042322;5284845.000000
501247.324455;5278782.000000
494905.295182;5271724.000000
499002.962540;5265422.000000
495422.640432;5258810.000000
497862.589589;5251920.000000
494853.149505;5245404.000000
497668.328211;5239028.000000
492275.316527;5232603.000000
493358.919981;5226364.000000
492174.844635;5219888.000000
491846.464023;5213686.000000
491718.035475;5206743.000000
489070.084057;5199945.000000
489635.559206;5193063.000000
486293.813203;5186480.000000
489255.950846;5179935.000000
488489.236091;5173439.000000
485945.517361;5166688.000000
485884.016433;5159983.000000
485769.792563;5153313.000000
486092.297733;5147127.000000
484896.593886;5140964.000000
482757.145093;5134520.000000
483828.101955;5127836.000000
482850.522200;5121260.000000
481385.827890;5114541.000000
478564.306310;5107610.000000
481125.915543;5100714.000000
479070.321271;5094286.000000
480654.894648;5087944.000000
477013.420576;5081132.000000
478365.516998;5074271.000000
479552.258786;5067853.000000
476338.720049;5061065.000000
476678.464167;5054144.000000
476043.387411;5047648.000000
475218.058342;5041240.000000
473157.574055;5034559.000000
474915.006245;5028099.000000
472761.219902;5021348.000000
471374.012124;5014536.000000
470412.898004;5008155.000000
470865.649455;5001275.000000
473812.611694;4994904.000000
468119.659492;4988278.000000
469464.758940;4981883.000000
468066.802530;4974833.000000
470101.846089;4968292.000000
467190.448008;4961558.000000
465439.706587;4955155.000000
464535.025111;4947926.000000
466506.092020;4941491.000000
464659.998155;4935087.000000
468224.887532;4929409.000000
465376.267289;4922586.000000
465226.412483;4915952.000000
463177.308572;4909279.000000
462151.263297;4902529.000000
461782.773860;4895662.000000
