1.187829;16.000000
1.273919;22.000000
1.238249;1.000000
1.285581;8.000000
1.269607;11.000000
1.245335;12.000000
1.264263;6.000000
1.252466;15.000000
1.257261;3.000000
1.257207;13.000000
1.268602;16.000000
1.182980;8.000000
1.226680;7.000000
1.226393;6.000000
1.228364;12.000000
1.229593;11.000000
1.211752;14.000000
1.214630;21.000000
1.253206;20.000000
1.218992;23.000000
1.254459;25.000000
1.194824;21.000000
1.223703;4.000000
1.236938;29.000000
1.262104;10.000000
1.264992;5.000000
1.266287;7.000000
1.246963;15.000000
1.297330;19.000000
1.209335;4.000000
1.223325;5.000000
1.224799;13.000000
1.332964;40.000000
1.225209;3.000000
1.179632;24.000000
1.200067;12.000000
1.230232;32.000000
1.261378;16.000000
1.232106;2.000000
1.333107;6.000000
1.194325;24.000000
1.242407;8.000000
1.246181;13.000000
1.208733;5.000000
1.236993;14.000000
1.223678;16.000000
1.222531;24.000000
1.208312;13.000000
1.270381;13.000000
1.247115;22.000000
1.223512;8.000000
1.192264;13.000000
1.232481;7.000000
1.259456;15.000000
1.269878;21.000000
1.248739;25.000000
1.276926;10.000000
1.233502;34.000000
1.247529;9.000000
1.236021;7.000000
1.269084;7.000000
1.269075;14.000000
1.289411;11.000000
1.212464;8.000000
1.217117;14.000000
1.197160;15.000000
1.203007;15.000000
1.215451;14.000000
1.229751;19.000000
1.243028;14.000000
1.263821;8.000000
1.167564;12.000000
1.331174;21.000000
1.265555;15.000000
1.255521;6.000000
1.226051;16.000000
1.225443;6.000000
1.205550;2.000000
1.168520;1.000000
1.259810;6.000000
1.277463;31.000000
1.268240;12.000000
1.231706;8.000000
1.233550;8.000000
1.245290;14.000000
1.248883;13.000000
1.247625;22.000000
1.283337;9.000000
1.220255;22.000000
1.192885;5.000000
1.208892;17.000000
1.205644;16.000000
1.214089;9.000000
1.232471;10.000000
1.255868;10.000000
1.220364;11.000000
1.232655;35.000000
1.261693;6.000000
1.235703;6.000000
1.212155;5.000000
