779419.495015;8213350.000000
778195.585729;8207580.000000
777700.874712;8201571.000000
779560.587316;8195786.000000
774186.993483;8189646.000000
771238.095059;8183598.000000
773313.012478;8177884.000000
774204.660338;8172187.000000
772985.724268;8166078.000000
773829.924283;8160055.000000
773083.388025;8154045.000000
768729.142568;8147852.000000
775845.259794;8142173.000000
771998.024617;8136000.000000
771871.066942;8129936.000000
772210.843784;8123858.000000
770656.578537;8118330.000000
769358.992654;8111911.000000
772224.877387;8105962.000000
768164.892494;8100127.000000
768045.162107;8094047.000000
763361.360920;8087726.000000
765369.561082;8081808.000000
764719.775925;8075763.000000
764446.962557;8069945.000000
765893.393340;8064041.000000
762537.502280;8057893.000000
761252.290885;8052152.000000
757077.204876;8045886.000000
765148.221031;8039933.000000
761212.500428;8034267.000000
761616.475635;8028269.000000
760836.541324;8022415.000000
757692.997040;8016853.000000
762226.655496;8010952.000000
757239.912990;8004749.000000
758244.108106;7999133.000000
756728.846726;7993076.000000
760098.885621;7986784.000000
759589.062321;7981255.000000
756596.659555;7974914.000000
755366.234488;7968551.000000
753698.526892;7962426.000000
754147.097355;7956353.000000
752159.221230;7950355.000000
753674.249296;7944752.000000
750417.825181;7938107.000000
754235.554425;7932025.000000
750654.430777;7925875.000000
750273.582062;7919936.000000
750508.459307;7914216.000000
752364.179775;7908456.000000
749848.415837;7902141.000000
750051.451536;7896393.000000
748452.729402;7890336.000000
752701.980886;7885000.000000
751468.042036;7879617.000000
745486.396398;7873548.000000
746535.714820;7867551.000000
746334.265417;7861756.000000
747161.359922;7855770.000000
745379.786494;7849898.000000
739335.337045;7843506.000000
740432.516836;7836908.000000
744058.309833;7831154.000000
741941.105552;7825398.000000
738747.808863;7819570.000000
740396.149703;7813377.000000
742914.848192;7807179.000000
741139.685146;7801429.000000
737848.400173;7794750.000000
741457.893595;7788829.000000
738489.097944;7783066.000000
741968.911957;7777384.000000
735662.483695;7771796.000000
739754.045569;7765880.000000
735326.920053;7759920.000000
735031.418597;7753483.000000
734762.605394;7747155.000000
729893.671593;7740824.000000
729756.018051;7734910.000000
732113.951397;7729211.000000
733764.105932;7723499.000000
732960.329767;7717753.000000
726237.957679;7711253.000000
730212.510777;7705340.000000
732180.160995;7699879.000000
729385.929679;7693854.000000
730828.258463;7687955.000000
732203.956043;7682065.000000
727713.544409;7676018.000000
724364.764329;7669403.000000
730840.831253;7663731.000000
727862.792579;7657747.000000
725345.326473;7651637.000000
728242.937953;7645936.000000
721817.691890;7639571.000000
722907.567988;7633804.000000
723927.952955;7627680.000000
721487.312250;7621711.000000
