1.304364;12.000000
1.357499;12.000000
1.360636;8.000000
1.333968;2.000000
1.372903;19.000000
1.286675;6.000000
1.298132;23.000000
1.282176;5.000000
1.333851;31.000000
1.337491;4.000000
1.282788;4.000000
1.339680;4.000000
1.307133;6.000000
1.460125;9.000000
1.335117;29.000000
1.394811;10.000000
1.321303;14.000000
1.298279;26.000000
1.301497;8.000000
1.398752;30.000000
1.325637;13.000000
1.301086;18.000000
1.329438;7.000000
1.285899;11.000000
1.308180;21.000000
1.287551;15.000000
1.354706;12.000000
1.455771;8.000000
1.357071;11.000000
1.313792;10.000000
1.339856;26.000000
1.371085;27.000000
1.463167;17.000000
1.307032;6.000000
1.369600;6.000000
1.402457;17.000000
1.399186;29.000000
1.313409;15.000000
1.337184;8.000000
1.334485;19.000000
1.381752;15.000000
1.358666;11.000000
1.406640;14.000000
1.366043;14.000000
1.303618;13.000000
1.353753;6.000000
1.364268;7.000000
1.369272;6.000000
1.328657;10.000000
1.280064;14.000000
1.272195;5.000000
1.342536;10.000000
1.344339;21.000000
1.394928;10.000000
1.350014;28.000000
1.322014;14.000000
1.346632;6.000000
1.380357;9.000000
1.296781;4.000000
1.327867;25.000000
1.366817;13.000000
1.351262;25.000000
1.333230;14.000000
1.336367;14.000000
1.370956;18.000000
1.360430;17.000000
1.406080;15.000000
1.398715;41.000000
1.375312;9.000000
1.277276;5.000000
1.409227;32.000000
1.290653;26.000000
1.346591;5.000000
1.356187;13.000000
1.316627;20.000000
1.353213;16.000000
1.375117;7.000000
1.334130;10.000000
1.420420;19.000000
1.332716;25.000000
1.373657;5.000000
1.400203;11.000000
1.350249;7.000000
1.328989;21.000000
1.369007;15.000000
1.306673;18.000000
1.325911;9.000000
1.367705;20.000000
1.417942;13.000000
1.304875;10.000000
1.262864;15.000000
1.372063;18.000000
1.381980;9.000000
1.308074;15.000000
1.328796;12.000000
1.408958;7.000000
1.345244;23.000000
1.245672;6.000000
1.319620;22.000000
1.296464;13.000000
