1.063550;13.000000
1.140705;6.000000
1.110672;10.000000
1.101308;14.000000
1.142355;3.000000
1.096057;6.000000
1.112211;17.000000
1.145546;6.000000
1.129917;7.000000
1.143879;10.000000
1.129338;4.000000
1.105624;3.000000
1.085089;10.000000
1.082722;4.000000
1.127147;19.000000
1.162879;27.000000
1.117573;7.000000
1.169316;13.000000
1.149583;15.000000
1.149921;2.000000
1.147860;17.000000
1.103892;17.000000
1.069272;20.000000
1.120348;13.000000
1.095836;23.000000
1.090868;11.000000
1.164712;4.000000
1.149964;8.000000
1.106999;12.000000
1.114950;13.000000
1.114849;8.000000
1.121599;8.000000
1.120494;10.000000
1.097171;12.000000
1.091320;19.000000
1.112837;15.000000
1.118150;9.000000
1.137266;3.000000
1.089155;28.000000
1.172003;6.000000
1.087579;19.000000
1.138299;14.000000
1.096694;19.000000
1.115954;11.000000
1.064411;9.000000
1.200842;7.000000
1.168390;3.000000
1.094618;10.000000
1.101554;14.000000
1.143532;33.000000
1.117873;27.000000
1.119228;21.000000
1.125453;8.000000
1.154237;11.000000
1.131136;8.000000
1.130428;22.000000
1.073263;6.000000
1.065868;12.000000
1.097357;11.000000
1.085568;3.000000
1.083285;8.000000
1.152229;15.000000
1.103162;6.000000
1.101738;19.000000
1.113745;2.000000
1.087509;7.000000
1.104415;10.000000
1.110765;4.000000
1.134329;14.000000
1.130362;3.000000
1.091693;22.000000
1.200365;14.000000
1.164482;11.000000
1.126955;6.000000
1.160630;9.000000
1.134553;12.000000
1.127306;12.000000
1.153405;3.000000
1.078021;8.000000
1.138282;17.000000
1.083490;14.000000
1.156675;16.000000
1.121416;20.000000
1.133105;22.000000
1.056250;19.000000
1.118476;3.000000
1.111056;19.000000
1.134513;16.000000
1.169818;16.000000
1.126317;18.000000
1.133578;6.000000
1.111638;13.000000
1.106981;14.000000
1.150686;16.000000
1.089403;9.000000
1.145948;17.000000
1.188892;2.000000
1.130802;12.000000
1.073731;18.000000
1.070126;7.000000
