2161536.504880;22731703.000000
2158640.342010;22726148.000000
2168455.734219;22720770.000000
2160119.325233;22715135.000000
2143792.842242;22709305.000000
2162776.875015;22703582.000000
2158416.744238;22698185.000000
2153070.571118;22692735.000000
2167420.034228;22687495.000000
2156161.394354;22682056.000000
2156964.305654;22676365.000000
2159980.808843;22670700.000000
2148998.484736;22664531.000000
2148475.140655;22658292.000000
2153232.557662;22652553.000000
2143215.013363;22646582.000000
2152789.292024;22640773.000000
2130445.640778;22634139.000000
2147602.488272;22628526.000000
2157461.179194;22622851.000000
2151473.688305;22617212.000000
2147908.544845;22612079.000000
2158279.734411;22606949.000000
2151453.535052;22601160.000000
2144273.104991;22595316.000000
2144835.834229;22589528.000000
2147437.873884;22583761.000000
2139736.415048;22578190.000000
2139624.650876;22572434.000000
2139121.317840;22566144.000000
2141468.534664;22560642.000000
2144573.346224;22555187.000000
2145669.552148;22549333.000000
2136416.849685;22543615.000000
2143221.699225;22538263.000000
2134995.611615;22531648.000000
2141327.262893;22526054.000000
2137404.840821;22520024.000000
2145319.433271;22514520.000000
2127577.762185;22508446.000000
2140443.066406;22502598.000000
2138681.472051;22497030.000000
2137205.969792;22491419.000000
2134280.303573;22485854.000000
2142151.024899;22480477.000000
2132652.045101;22474435.000000
2138746.726933;22468707.000000
2122297.998408;22462991.000000
2131994.472979;22457643.000000
2128226.324492;22451669.000000
2127272.860062;22445832.000000
2135688.733867;22440287.000000
2134200.130688;22434478.000000
2134706.708164;22429235.000000
2135165.284714;22423889.000000
2136799.670194;22418475.000000
2110766.809058;22412263.000000
2121077.281720;22406555.000000
2128789.307416;22401213.000000
2121209.128050;22395216.000000
2123793.870979;22389754.000000
2126929.642613;22384227.000000
2123593.543113;22378234.000000
2125072.544454;22372117.000000
2126810.657449;22366710.000000
2121148.643489;22360987.000000
2117074.314562;22355320.000000
2122580.677248;22349234.000000
2131794.112786;22343626.000000
2124180.071651;22337809.000000
2118750.925777;22331614.000000
2122558.619421;22325607.000000
2120110.746184;22319520.000000
2136596.106433;22313951.000000
2112014.825654;22308346.000000
2125072.893854;22302886.000000
2126247.593683;22297189.000000
2109776.279579;22291004.000000
2111590.139972;22284929.000000
2111435.113902;22279501.000000
2115611.567582;22273766.000000
2113961.654217;22268321.000000
2104766.358532;22262443.000000
2117383.794509;22256984.000000
2112642.790890;22251417.000000
2115368.734317;22245535.000000
2118852.445580;22239597.000000
2113823.651380;22234411.000000
2122817.424900;22228709.000000
2110807.236514;22223120.000000
2117991.348376;22217247.000000
2108204.201647;22211294.000000
2114439.538699;22205837.000000
2115654.455027;22200408.000000
2097753.258720;22194249.000000
2104441.233767;22189045.000000
2105657.676310;22183133.000000
2108751.123711;22178305.000000
2110175.023549;22172926.000000
2104247.568489;22167349.000000
