879616.087032;9107352.000000
876333.963657;9103368.000000
881612.794893;9099674.000000
880523.317324;9095493.000000
877977.897530;9092013.000000
878311.924127;9088038.000000
870434.111593;9083908.000000
875619.520608;9079806.000000
871634.409139;9075931.000000
872183.790817;9072044.000000
875461.480941;9067866.000000
877126.263838;9063671.000000
873064.078166;9059446.000000
872020.716627;9055214.000000
873161.281939;9050438.000000
872611.074276;9046816.000000
876005.895109;9043075.000000
872889.364505;9038741.000000
873176.932087;9034524.000000
868468.576883;9030541.000000
874417.172525;9027013.000000
871412.770562;9022861.000000
869913.275056;9018503.000000
870084.531316;9014543.000000
869130.362065;9010502.000000
867688.007715;9006499.000000
870825.172228;9002647.000000
860961.199539;8998189.000000
868167.954783;8994400.000000
873535.851129;8990619.000000
868737.749238;8986623.000000
866392.281461;8982725.000000
870175.493783;8978949.000000
863200.975313;8975771.000000
868198.923382;8972056.000000
863132.618850;8968018.000000
866398.414504;8964057.000000
864151.033183;8959852.000000
862948.451689;8956200.000000
861681.896798;8952143.000000
859848.478003;8948139.000000
862766.699010;8944488.000000
863785.972613;8940552.000000
860646.462023;8936551.000000
862382.743226;8932661.000000
855305.928748;8928010.000000
861494.518964;8923797.000000
860572.619711;8919873.000000
858493.640201;8915598.000000
859994.412259;8911725.000000
857907.392279;8907539.000000
856895.412735;8903310.000000
859805.497894;8899229.000000
859276.873164;8895130.000000
857600.749316;8891417.000000
859069.322811;8887614.000000
859014.785703;8883930.000000
860993.941110;8880218.000000
852585.883265;8876265.000000
852582.458118;8871850.000000
859781.146645;8868572.000000
854816.791552;8864844.000000
858367.838989;8861020.000000
856092.202750;8856780.000000
853730.176972;8852885.000000
851877.603994;8849038.000000
851509.031220;8845054.000000
849651.686865;8840801.000000
851156.644262;8837295.000000
851472.439733;8833650.000000
853931.264713;8829900.000000
853023.633680;8826210.000000
850335.281566;8822584.000000
850571.546460;8818597.000000
850558.359950;8814992.000000
846554.222032;8810460.000000
844889.196810;8805756.000000
848319.523747;8802043.000000
849632.930016;8797985.000000
847168.923853;8794125.000000
846996.727127;8790118.000000
844905.592305;8786227.000000
847012.788642;8782134.000000
849199.212041;8778502.000000
846429.321470;8774319.000000
846430.245254;8769789.000000
844139.422501;8765898.000000
845426.357638;8762091.000000
844970.729532;8758411.000000
841903.090179;8754654.000000
843494.075831;8750445.000000
844008.027841;8746413.000000
844137.812220;8742598.000000
847770.665250;8739317.000000
844250.534631;8735656.000000
849666.582458;8731823.000000
843624.088609;8727869.000000
841404.014982;8723887.000000
840956.640549;8719947.000000
843378.711657;8716072.000000
