3685549.881935;36242445.000000
3659098.605788;36243748.000000
3684412.688772;36245340.000000
3678238.196740;36246730.000000
3669833.884232;36248423.000000
3686219.428841;36249128.000000
3671131.257195;36250126.000000
3684000.772450;36251967.000000
3678941.104949;36253765.000000
3676350.438267;36255651.000000
3661069.394606;36257021.000000
3674495.136690;36258406.000000
3690406.672643;36260200.000000
3674666.767206;36261482.000000
3662508.183929;36262766.000000
3676987.862450;36264093.000000
3680602.758176;36265403.000000
3676680.749363;36266760.000000
3665703.803919;36267676.000000
3687462.729228;36269466.000000
3682339.571888;36271333.000000
3669133.047090;36272770.000000
3679005.030972;36274054.000000
3664279.777134;36275169.000000
3679842.385758;36276570.000000
3676216.509788;36277845.000000
3677738.267606;36279563.000000
3682754.636136;36281152.000000
3682682.297046;36282820.000000
3694653.692318;36284788.000000
3699199.411593;36286564.000000
3687776.810016;36288386.000000
3690792.434155;36290018.000000
3685949.560385;36291224.000000
3662664.469706;36292281.000000
3669055.115873;36293725.000000
3680184.764427;36294736.000000
3688082.373880;36295539.000000
3678167.572982;36296901.000000
3675746.837233;36298121.000000
3684003.550862;36299396.000000
3680527.892771;36300558.000000
3665481.595868;36301881.000000
3677170.816405;36303213.000000
3687772.155243;36305030.000000
3679291.443611;36306432.000000
3686629.437779;36308358.000000
3694704.243199;36310020.000000
3675243.724396;36310976.000000
3685645.249220;36312435.000000
3678379.723549;36313691.000000
3696497.244834;36315409.000000
3683745.538679;36316887.000000
3670590.142341;36318301.000000
3680597.726476;36319860.000000
3686037.042134;36321178.000000
3696509.478686;36323063.000000
3692743.688255;36324386.000000
3675417.808541;36325794.000000
3667940.092715;36327460.000000
3668928.522617;36328914.000000
3676305.324146;36330602.000000
3681538.238767;36332186.000000
3673588.129197;36333606.000000
3687276.314359;36335328.000000
3693662.330223;36336612.000000
3678545.561892;36338062.000000
3677265.977009;36339572.000000
3687631.692973;36340803.000000
3694592.494981;36342266.000000
3686165.772882;36344139.000000
3677886.363408;36345349.000000
3656417.954393;36346882.000000
3656291.482600;36348405.000000
3700208.276591;36349951.000000
3689335.073461;36351133.000000
3691979.189495;36352980.000000
3700339.963753;36354277.000000
3687800.723435;36355797.000000
3700352.376922;36357230.000000
3698247.113127;36358446.000000
3683090.241345;36360071.000000
3669062.643923;36361544.000000
3673454.199340;36362478.000000
3682796.429495;36364049.000000
3698803.815482;36365201.000000
3684884.812686;36366895.000000
3677944.060531;36368163.000000
3664984.038700;36369387.000000
3680023.851140;36370957.000000
3689999.574636;36372686.000000
3684484.241015;36374210.000000
3679064.659124;36375344.000000
3693095.338585;36376318.000000
3685150.924823;36377867.000000
3695180.614073;36379341.000000
3703533.716422;36381155.000000
3696196.739716;36382801.000000
3707581.009951;36384379.000000
3682950.382023;36386178.000000
