2716776.307671;25450712.000000
2717163.692783;25457695.000000
2707848.857332;25464330.000000
2713651.447440;25470967.000000
2725313.997889;25477753.000000
2711827.713006;25484472.000000
2724673.135473;25491387.000000
2722992.209836;25498644.000000
2737112.259703;25505711.000000
2715542.394210;25512121.000000
2728179.979793;25518469.000000
2715653.433745;25524859.000000
2732500.811961;25531500.000000
2730897.202260;25538187.000000
2722295.566246;25544384.000000
2725641.238405;25551801.000000
2747125.890401;25559293.000000
2720222.106149;25565938.000000
2731721.726412;25572558.000000
2742185.486495;25579330.000000
2717504.281370;25585745.000000
2727809.828205;25592306.000000
2735130.946627;25599095.000000
2722612.665007;25605524.000000
2730333.467169;25612373.000000
2735833.406069;25619419.000000
2735684.673429;25626656.000000
2740940.169440;25633582.000000
2746688.998119;25640750.000000
2724415.663924;25647407.000000
2742906.091666;25653894.000000
2732324.953804;25660542.000000
2737358.799776;25667564.000000
2742220.517625;25674502.000000
2743511.959540;25682134.000000
2742116.565565;25689335.000000
2735757.061261;25695910.000000
2738142.604348;25702395.000000
2742035.184461;25709080.000000
2747817.724394;25716111.000000
2733029.022864;25722224.000000
2747400.211105;25728756.000000
2738419.872849;25735598.000000
2752085.156546;25742768.000000
2734422.946634;25749436.000000
2757035.161553;25756340.000000
2744818.253109;25763227.000000
2768030.272980;25770829.000000
2760612.234738;25777871.000000
2753270.310232;25784092.000000
2750516.692442;25790535.000000
2754730.277355;25797735.000000
2763255.783891;25804293.000000
2752390.397049;25811174.000000
2758933.157001;25817787.000000
2754657.198811;25824267.000000
2758125.925288;25830998.000000
2762181.784334;25837870.000000
2756017.572676;25844540.000000
2742976.440144;25851470.000000
2738195.023755;25858150.000000
2761278.484487;25864760.000000
2771424.137523;25871725.000000
2766138.282611;25878846.000000
2761020.568805;25885624.000000
2749444.791349;25891960.000000
2753723.028065;25899228.000000
2753353.820016;25905741.000000
2784400.887829;25912757.000000
2775590.487210;25920158.000000
2777828.762189;25926855.000000
2769224.816490;25933887.000000
2772665.807840;25940939.000000
2772240.774483;25947445.000000
2774096.051695;25954574.000000
2757949.476598;25960976.000000
2757371.604567;25967609.000000
2764400.340186;25974287.000000
2775660.628039;25981003.000000
2777819.733420;25988584.000000
2773083.739394;25995099.000000
2790007.198407;26002298.000000
2762768.598010;26008986.000000
2777298.012676;26015291.000000
2779972.750250;26022496.000000
2771786.232125;26029431.000000
2781818.811538;26036424.000000
2769218.480946;26042889.000000
2778296.793408;26049428.000000
2785287.586838;26056105.000000
2778823.891104;26062558.000000
2785082.694978;26069528.000000
2787999.850490;26076476.000000
2791649.677193;26083544.000000
2789818.909875;26090438.000000
2793293.032773;26097372.000000
2801338.188993;26104774.000000
2779850.137054;26111323.000000
2787210.879414;26117966.000000
2792792.743715;26124538.000000
