3202126.620695;31706944.000000
3192546.606135;31708003.000000
3190175.497721;31708816.000000
3204048.501529;31709510.000000
3213227.220789;31710485.000000
3188493.537766;31711218.000000
3197972.764613;31712443.000000
3203603.593946;31713939.000000
3200861.442438;31714811.000000
3201661.830751;31715933.000000
3200719.241643;31717032.000000
3209262.843298;31717606.000000
3189295.006141;31718157.000000
3188542.964569;31718874.000000
3202404.624695;31719669.000000
3205062.536633;31720488.000000
3207415.935993;31721574.000000
3196583.942587;31723043.000000
3207266.425107;31724167.000000
3211192.779041;31725182.000000
3193571.546797;31725855.000000
3183642.149569;31726680.000000
3188845.781768;31727836.000000
3225129.268078;31729231.000000
3206285.256287;31729468.000000
3206956.725004;31730517.000000
3213070.523311;31731757.000000
3201262.301710;31732333.000000
3193887.443746;31732816.000000
3184928.328413;31733196.000000
3207212.912831;31734240.000000
3210714.214467;31735259.000000
3203091.369211;31735446.000000
3211057.522574;31736809.000000
3206268.575023;31737164.000000
3204507.814114;31737558.000000
3219153.274437;31738933.000000
3215899.410934;31739926.000000
3205893.570996;31741003.000000
3220263.772651;31742638.000000
3194617.383885;31743417.000000
3187508.266559;31744233.000000
3197213.852123;31745406.000000
3213006.412906;31746647.000000
3197985.978342;31747525.000000
3217883.572409;31748394.000000
3203415.723285;31749165.000000
3191084.307318;31749994.000000
3207829.664820;31750949.000000
3197931.257276;31752546.000000
3220829.201198;31753709.000000
3199668.585637;31754460.000000
3196647.690148;31755393.000000
3216200.561787;31756998.000000
3212411.155858;31757929.000000
3193250.573113;31758902.000000
3208870.123211;31760008.000000
3207125.934254;31760552.000000
3216764.698974;31762154.000000
3191291.670127;31763294.000000
3205990.597371;31764239.000000
3200279.013271;31764957.000000
3205336.646102;31766243.000000
3202146.244255;31767611.000000
3214247.744768;31768815.000000
3224203.420811;31770160.000000
3197081.877997;31771203.000000
3211955.079190;31772107.000000
3200948.441837;31772888.000000
3204653.575287;31773794.000000
3208133.484549;31774618.000000
3203740.970622;31775553.000000
3207688.484646;31776378.000000
3227165.519000;31778038.000000
3201782.481591;31778752.000000
3192924.104914;31779654.000000
3204396.110455;31780519.000000
3208840.358680;31781396.000000
3196832.637041;31782636.000000
3204591.022098;31783561.000000
3215015.934678;31784807.000000
3205161.269580;31785554.000000
3205371.453365;31786305.000000
3208065.617539;31787472.000000
3214871.826450;31788926.000000
3202326.690209;31789878.000000
3208696.484932;31790542.000000
3213206.489114;31792167.000000
3218382.595249;31793257.000000
3219749.246544;31794398.000000
3205178.946112;31795374.000000
3219917.153989;31796525.000000
3216263.503821;31797061.000000
3214374.702356;31797767.000000
3217429.418761;31799316.000000
3204233.833287;31800329.000000
3216534.414149;31801643.000000
3204934.712679;31802421.000000
3212679.095623;31803924.000000
3214075.675976;31804575.000000
