1.205198;11.000000
1.231659;8.000000
1.249647;3.000000
1.220938;9.000000
1.261885;15.000000
1.216040;4.000000
1.216343;11.000000
1.192784;15.000000
1.246086;18.000000
1.231255;12.000000
1.207085;26.000000
1.213624;17.000000
1.257870;16.000000
1.222505;11.000000
1.259794;1.000000
1.268977;16.000000
1.233670;7.000000
1.175390;21.000000
1.280166;8.000000
1.223413;15.000000
1.254839;8.000000
1.243468;9.000000
1.262114;13.000000
1.243385;8.000000
1.277293;18.000000
1.215935;16.000000
1.158064;18.000000
1.260479;11.000000
1.216775;5.000000
1.236940;8.000000
1.299705;13.000000
1.223279;8.000000
1.255540;16.000000
1.164972;11.000000
1.204209;11.000000
1.248845;26.000000
1.253336;12.000000
1.152970;8.000000
1.265329;20.000000
1.223860;15.000000
1.240892;11.000000
1.188459;16.000000
1.209697;14.000000
1.182285;7.000000
1.269858;7.000000
1.198076;26.000000
1.219321;16.000000
1.289880;9.000000
1.224288;8.000000
1.243454;2.000000
1.226834;14.000000
1.212381;13.000000
1.240199;26.000000
1.279131;4.000000
1.233141;28.000000
1.160609;9.000000
1.177273;23.000000
1.294739;9.000000
1.216408;4.000000
1.213145;16.000000
1.256640;13.000000
1.197418;13.000000
1.221488;12.000000
1.197616;10.000000
1.214275;18.000000
1.327769;7.000000
1.280760;14.000000
1.182693;10.000000
1.308000;15.000000
1.177692;7.000000
1.277473;28.000000
1.225407;20.000000
1.255818;5.000000
1.271096;14.000000
1.181074;14.000000
1.247974;22.000000
1.255611;10.000000
1.223018;12.000000
1.222371;14.000000
1.227418;15.000000
1.224316;15.000000
1.303879;9.000000
1.208136;23.000000
1.302644;10.000000
1.182874;4.000000
1.186159;16.000000
1.190971;8.000000
1.267002;7.000000
1.294104;17.000000
1.238216;12.000000
1.245311;13.000000
1.277462;5.000000
1.274341;13.000000
1.267964;5.000000
1.250855;14.000000
1.252103;12.000000
1.203150;8.000000
1.272403;9.000000
1.331969;26.000000
1.245833;16.000000
