3679760.213898;35657233.000000
3676189.804791;35660807.000000
3691613.521503;35664234.000000
3680097.649390;35667817.000000
3682291.766487;35671512.000000
3675139.578808;35674495.000000
3679515.862499;35678379.000000
3668891.383036;35681783.000000
3696497.330431;35685417.000000
3695585.248521;35689109.000000
3683332.309740;35692368.000000
3703353.265339;35695835.000000
3685336.502475;35699129.000000
3683179.752516;35702008.000000
3684558.636684;35705377.000000
3702478.827937;35708692.000000
3681449.709562;35711885.000000
3691096.376622;35715316.000000
3681147.448112;35718964.000000
3684027.010674;35722064.000000
3678209.296942;35725691.000000
3696085.233923;35729799.000000
3678525.791439;35733051.000000
3693449.887231;35736732.000000
3678236.204493;35740272.000000
3687418.181773;35743362.000000
3679851.912792;35746806.000000
3683006.276046;35750327.000000
3699236.322569;35754051.000000
3688282.555944;35757875.000000
3687751.207162;35761501.000000
3704371.223089;35765194.000000
3681537.482326;35768545.000000
3691094.146673;35771822.000000
3687143.342375;35774804.000000
3681766.826729;35778245.000000
3680171.123810;35781443.000000
3712345.246999;35785131.000000
3697749.660117;35788573.000000
3679208.278287;35792379.000000
3688933.289806;35796263.000000
3694589.938543;35799845.000000
3678738.371076;35802955.000000
3696984.480273;35806349.000000
3692445.226894;35809378.000000
3685065.726049;35812699.000000
3684071.100282;35815788.000000
3713807.907520;35819149.000000
3701821.440320;35822519.000000
3712831.782602;35826027.000000
3726704.058249;35829643.000000
3698207.358791;35832819.000000
3714448.231830;35836335.000000
3701358.883916;35839693.000000
3695591.850550;35843359.000000
3692061.732449;35846730.000000
3720879.000870;35850455.000000
3706120.938710;35853592.000000
3720595.451230;35856840.000000
3680996.920626;35860188.000000
3702567.823581;35863772.000000
3706854.796712;35867421.000000
3720455.450295;35871786.000000
3701855.006976;35875091.000000
3710779.746201;35878550.000000
3724876.421246;35881471.000000
3701229.100569;35884675.000000
3692219.868317;35888284.000000
3693968.991857;35891792.000000
3703460.418975;35895353.000000
3704025.874570;35898686.000000
3708101.627864;35901721.000000
3716309.394271;35905052.000000
3707546.470084;35908514.000000
3703876.723513;35912025.000000
3697624.108465;35914820.000000
3705014.291793;35918018.000000
3726788.367918;35922146.000000
3693166.810457;35925440.000000
3710632.391784;35928466.000000
3715321.663570;35931152.000000
3706802.014405;35933961.000000
3728282.452108;35937719.000000
3683744.041088;35940950.000000
3711084.128195;35944156.000000
3720441.334076;35947779.000000
3715191.438108;35951243.000000
3721989.885100;35954709.000000
3718199.293336;35958416.000000
3714235.009547;35961977.000000
3700345.962056;35965858.000000
3692481.570484;35969136.000000
3716013.220008;35972403.000000
3735758.613894;35976025.000000
3733151.381258;35979816.000000
3691299.157005;35983120.000000
3724267.171334;35986483.000000
3718405.796650;35989639.000000
3724881.605558;35993458.000000
3704832.724506;35996930.000000
