2839037.550029;27586987.000000
2825478.578902;27589874.000000
2839071.404762;27592817.000000
2836201.569743;27596098.000000
2830736.965105;27599117.000000
2815949.582316;27601472.000000
2833076.228507;27604759.000000
2837981.148390;27608099.000000
2832412.185299;27610646.000000
2844502.609215;27613789.000000
2835203.520598;27616336.000000
2842063.094601;27619509.000000
2848863.403598;27622864.000000
2855242.916096;27626096.000000
2843373.816197;27629520.000000
2838351.923320;27633017.000000
2847227.650359;27636122.000000
2822965.483690;27638682.000000
2827662.373029;27641320.000000
2845298.721082;27644883.000000
2847687.008953;27647987.000000
2846482.953106;27651022.000000
2840310.557169;27653684.000000
2841963.141347;27656094.000000
2829629.484730;27658988.000000
2832491.894981;27661859.000000
2845044.224880;27664874.000000
2853347.092489;27668366.000000
2842009.790543;27670975.000000
2848538.409523;27673634.000000
2840066.218207;27676843.000000
2837047.988969;27679186.000000
2846895.516498;27681641.000000
2830530.477780;27684465.000000
2837698.828192;27687077.000000
2849220.377953;27689916.000000
2851141.490057;27693179.000000
2860053.185119;27696787.000000
2844715.660679;27699594.000000
2845710.644665;27702364.000000
2839828.788772;27704921.000000
2842945.658611;27708150.000000
2840084.172180;27711037.000000
2844666.530268;27714357.000000
2839940.725868;27716960.000000
2845116.172874;27720190.000000
2842884.601624;27722752.000000
2851084.990709;27725723.000000
2853252.792715;27728971.000000
2851655.601128;27731925.000000
2867638.158522;27735061.000000
2837277.569747;27737862.000000
2852818.101967;27740624.000000
2832419.648281;27743088.000000
2845083.296892;27745915.000000
2863717.359130;27749033.000000
2870226.654834;27752121.000000
2851057.135405;27754710.000000
2849906.575785;27757864.000000
2846650.293903;27760455.000000
2851675.260401;27763377.000000
2852324.829539;27766214.000000
2867115.395497;27769352.000000
2847643.391837;27772186.000000
2841923.680767;27774482.000000
2846961.096135;27777071.000000
2854418.818927;27779987.000000
2854975.070303;27783090.000000
2852911.935021;27786050.000000
2852689.394703;27788921.000000
2856796.697444;27791901.000000
2874087.403579;27795643.000000
2843159.698171;27798728.000000
2859261.105660;27801496.000000
2865610.574163;27804500.000000
2862894.134268;27807653.000000
2869717.289727;27810656.000000
2852100.812954;27813305.000000
2868784.111852;27816165.000000
2865270.769545;27819473.000000
2851968.389218;27822391.000000
2850647.254653;27825432.000000
2853422.730792;27828081.000000
2860070.805576;27831056.000000
2864217.903812;27833674.000000
2865430.504104;27836658.000000
2864601.652544;27839364.000000
2848431.936711;27841923.000000
2856418.790213;27844649.000000
2881393.998285;27847840.000000
2840528.229707;27850136.000000
2864769.575348;27852871.000000
2863841.585735;27856090.000000
2834023.997645;27858699.000000
2866829.828454;27861363.000000
2871683.894948;27864316.000000
2873267.281462;27867593.000000
2881967.396508;27870174.000000
2861154.207119;27872649.000000
2853508.409276;27875392.000000
