1.170736;5.000000
1.233580;3.000000
1.270698;11.000000
1.250662;10.000000
1.255893;18.000000
1.258891;17.000000
1.162029;6.000000
1.317147;5.000000
1.306698;19.000000
1.238842;4.000000
1.273805;2.000000
1.248773;4.000000
1.329410;8.000000
1.265399;9.000000
1.359953;17.000000
1.190426;20.000000
1.224326;4.000000
1.267075;12.000000
1.213516;10.000000
1.336456;3.000000
1.245606;12.000000
1.247895;10.000000
1.287957;18.000000
1.342825;13.000000
1.186709;20.000000
1.304244;3.000000
1.259919;6.000000
1.199311;4.000000
1.348082;7.000000
1.314925;37.000000
1.250149;33.000000
1.274224;18.000000
1.221994;21.000000
1.236335;9.000000
1.214102;22.000000
1.254708;24.000000
1.243251;11.000000
1.382304;20.000000
1.274064;15.000000
1.310642;12.000000
1.196321;8.000000
1.251530;19.000000
1.171503;38.000000
1.203098;16.000000
1.278022;18.000000
1.232197;19.000000
1.276967;10.000000
1.304551;32.000000
1.250464;13.000000
1.263968;10.000000
1.266856;7.000000
1.277870;17.000000
1.263009;7.000000
1.269412;4.000000
1.285343;37.000000
1.218658;8.000000
1.311299;9.000000
1.311653;5.000000
1.257243;25.000000
1.330311;15.000000
1.261155;7.000000
1.267777;23.000000
1.227484;11.000000
1.333165;2.000000
1.306707;14.000000
1.399926;18.000000
1.268331;5.000000
1.289604;8.000000
1.372775;9.000000
1.223844;11.000000
1.240778;12.000000
1.318713;26.000000
1.283691;3.000000
1.278818;8.000000
1.238411;6.000000
1.265842;8.000000
1.256317;25.000000
1.218842;9.000000
1.185182;17.000000
1.272297;33.000000
1.214770;12.000000
1.294228;5.000000
1.283026;13.000000
1.181864;32.000000
1.273045;16.000000
1.299244;9.000000
1.307977;16.000000
1.301561;9.000000
1.304046;14.000000
1.292395;6.000000
1.304040;26.000000
1.294237;19.000000
1.347698;15.000000
1.352139;17.000000
1.254848;28.000000
1.198078;21.000000
1.171237;11.000000
1.238911;10.000000
1.360589;19.000000
1.304112;18.000000
