1.309915;5.000000
1.397668;26.000000
1.445695;11.000000
1.411974;19.000000
1.673196;10.000000
1.533872;15.000000
1.422549;6.000000
1.475937;24.000000
1.405923;4.000000
1.537005;9.000000
1.529126;30.000000
1.466042;25.000000
1.448708;27.000000
1.432779;38.000000
1.491273;6.000000
1.369971;29.000000
1.354299;3.000000
1.424333;6.000000
1.457140;25.000000
1.458126;3.000000
1.532813;19.000000
1.489984;16.000000
1.488965;3.000000
1.564461;38.000000
1.454160;20.000000
1.650070;8.000000
1.490852;13.000000
1.468744;6.000000
1.591362;11.000000
1.542125;11.000000
1.388323;7.000000
1.377429;28.000000
1.417893;15.000000
1.544373;3.000000
1.520879;30.000000
1.483702;17.000000
1.496146;5.000000
1.429210;11.000000
1.569736;6.000000
1.480215;9.000000
1.536530;29.000000
1.414442;6.000000
1.478653;16.000000
1.453862;9.000000
1.612754;27.000000
1.478320;7.000000
1.479453;19.000000
1.451424;18.000000
1.469913;22.000000
1.500998;8.000000
1.562884;21.000000
1.475093;21.000000
1.525612;7.000000
1.495568;12.000000
1.495612;11.000000
1.535029;10.000000
1.412667;18.000000
1.423464;12.000000
1.421188;13.000000
1.523783;33.000000
1.470958;10.000000
1.368911;6.000000
1.483730;14.000000
1.514276;24.000000
1.376903;12.000000
1.448106;24.000000
1.395048;11.000000
1.554293;12.000000
1.490660;13.000000
1.568877;7.000000
1.510884;2.000000
1.383663;12.000000
1.527997;19.000000
1.466991;11.000000
1.562117;26.000000
1.449190;7.000000
1.603553;14.000000
1.430487;5.000000
1.451079;24.000000
1.425635;32.000000
1.443457;1.000000
1.502451;13.000000
1.502384;6.000000
1.435763;8.000000
1.429718;15.000000
1.331790;19.000000
1.515755;5.000000
1.534420;12.000000
1.571560;5.000000
1.656850;20.000000
1.394447;20.000000
1.535240;8.000000
1.459890;5.000000
1.660689;5.000000
1.357971;15.000000
1.473790;5.000000
1.474258;12.000000
1.487639;19.000000
1.503378;22.000000
1.335265;2.000000
