1992639.050545;20709492.000000
1983614.028066;20704967.000000
2000581.536988;20701004.000000
1995168.953515;20696887.000000
1980790.542685;20692673.000000
1995219.919593;20688369.000000
1983898.588680;20683992.000000
1987315.096915;20680138.000000
1983748.800873;20676008.000000
1988636.889642;20671716.000000
1988523.886412;20667352.000000
1986752.421277;20662891.000000
1983144.085400;20658682.000000
1997849.978855;20654758.000000
1995935.085212;20650570.000000
1987807.964122;20646377.000000
1985521.952651;20641743.000000
1981551.224674;20637280.000000
1985929.422092;20633306.000000
1979616.426927;20628660.000000
1985114.620188;20624131.000000
1979960.719279;20619917.000000
1984062.833811;20615757.000000
1983005.334296;20611503.000000
1982975.601262;20607480.000000
1975304.439580;20603234.000000
1974204.175448;20598942.000000
1991837.123924;20594771.000000
1978207.341984;20590600.000000
1983805.330103;20586377.000000
1980846.568129;20582108.000000
1976240.316369;20578256.000000
1987998.496584;20574017.000000
1976732.510295;20569738.000000
1981131.408190;20565785.000000
1968981.530357;20561264.000000
1971250.480087;20556447.000000
1989220.203359;20552659.000000
1982204.073295;20548503.000000
1973796.169738;20543955.000000
1978126.134068;20540424.000000
1986225.226666;20536839.000000
1975854.877722;20532635.000000
1978719.687013;20528553.000000
1968935.640528;20523815.000000
1976544.507460;20519870.000000
1972299.509647;20515565.000000
1977470.288143;20511436.000000
1973912.649603;20506998.000000
1963255.769582;20502691.000000
1975160.561132;20498264.000000
1972013.765883;20493600.000000
1982654.113188;20489419.000000
1962983.214679;20485019.000000
1967802.273909;20480817.000000
1978880.077467;20477115.000000
1967392.115060;20472561.000000
1977667.569872;20468585.000000
1966875.218518;20464494.000000
1969487.587328;20460525.000000
1978046.409312;20456547.000000
1963845.900665;20452846.000000
1976719.078003;20448795.000000
1966191.956187;20444531.000000
1974582.465514;20440448.000000
1969238.384337;20436386.000000
1972064.531190;20432454.000000
1966525.418079;20428124.000000
1962886.145125;20423737.000000
1966736.863311;20420348.000000
1948270.821384;20416002.000000
1968503.995320;20411912.000000
1966006.620622;20408080.000000
1965781.365445;20404072.000000
1957278.899544;20399668.000000
1958784.452825;20395615.000000
1974562.557775;20391600.000000
1963376.297721;20387135.000000
1972647.882183;20383403.000000
1955055.394148;20379421.000000
1954450.358148;20374740.000000
1957166.521024;20370339.000000
1967217.268743;20366184.000000
1959106.883252;20362130.000000
1962804.361389;20357992.000000
1953635.185752;20353270.000000
1956386.103870;20349084.000000
1955009.412234;20344170.000000
1960916.589445;20339781.000000
1966241.805843;20335719.000000
1951932.532516;20330977.000000
1956129.841607;20327089.000000
1950591.688471;20322874.000000
1960160.941540;20318895.000000
1965838.828397;20315170.000000
1967635.501156;20311016.000000
1953925.387672;20306658.000000
1963866.713213;20302217.000000
1949159.083093;20297727.000000
1960155.951575;20294025.000000
