1.236509;16.000000
1.279661;10.000000
1.273731;7.000000
1.328505;11.000000
1.374178;6.000000
1.225884;1.000000
1.294429;13.000000
1.286046;9.000000
1.335147;9.000000
1.297378;7.000000
1.315535;28.000000
1.279247;6.000000
1.279326;11.000000
1.268316;8.000000
1.266511;28.000000
1.253265;11.000000
1.286592;3.000000
1.334447;22.000000
1.369086;7.000000
1.303396;13.000000
1.288802;10.000000
1.290806;36.000000
1.329568;17.000000
1.300677;21.000000
1.263203;10.000000
1.289946;9.000000
1.316197;19.000000
1.277816;4.000000
1.281388;6.000000
1.259435;13.000000
1.314172;35.000000
1.347232;3.000000
1.280682;22.000000
1.254996;21.000000
1.317657;5.000000
1.306791;15.000000
1.228665;7.000000
1.308128;10.000000
1.240316;9.000000
1.279080;8.000000
1.305522;4.000000
1.292968;8.000000
1.329752;12.000000
1.369861;7.000000
1.265474;10.000000
1.414150;15.000000
1.267847;15.000000
1.292815;12.000000
1.250050;12.000000
1.335518;3.000000
1.365216;8.000000
1.276904;10.000000
1.214901;31.000000
1.351727;14.000000
1.374499;23.000000
1.293170;23.000000
1.296716;31.000000
1.343950;3.000000
1.285729;10.000000
1.271255;8.000000
1.301114;13.000000
1.314454;5.000000
1.245781;40.000000
1.260922;9.000000
1.296201;37.000000
1.277802;19.000000
1.241546;3.000000
1.306340;10.000000
1.427497;2.000000
1.229999;7.000000
1.257248;15.000000
1.300698;6.000000
1.317196;5.000000
1.243304;19.000000
1.331810;11.000000
1.305205;5.000000
1.373813;28.000000
1.256797;25.000000
1.268292;15.000000
1.274778;18.000000
1.283529;5.000000
1.314920;21.000000
1.313626;5.000000
1.289410;14.000000
1.283275;4.000000
1.342274;19.000000
1.276536;8.000000
1.273837;23.000000
1.272829;4.000000
1.285585;6.000000
1.294896;12.000000
1.326663;26.000000
1.357710;9.000000
1.299888;12.000000
1.274988;11.000000
1.287417;12.000000
1.271569;11.000000
1.330275;9.000000
1.317842;19.000000
1.338849;22.000000
