1.080638;11.000000
1.169429;6.000000
1.185079;6.000000
1.210194;6.000000
1.209833;11.000000
1.202655;9.000000
1.180188;6.000000
1.190363;8.000000
1.183159;13.000000
1.155394;15.000000
1.149606;10.000000
1.175125;4.000000
1.172933;18.000000
1.136055;9.000000
1.162009;24.000000
1.159982;12.000000
1.175225;7.000000
1.156076;10.000000
1.167792;9.000000
1.167253;25.000000
1.148673;8.000000
1.172698;23.000000
1.150532;23.000000
1.140808;17.000000
1.139363;29.000000
1.157489;5.000000
1.190128;5.000000
1.111465;25.000000
1.187623;8.000000
1.141895;17.000000
1.132215;14.000000
1.180547;9.000000
1.147388;11.000000
1.133918;7.000000
1.154575;20.000000
1.162484;3.000000
1.181841;22.000000
1.192187;11.000000
1.193716;11.000000
1.115405;4.000000
1.157304;7.000000
1.237565;7.000000
1.199033;5.000000
1.208752;10.000000
1.167978;8.000000
1.153941;9.000000
1.194661;6.000000
1.113323;17.000000
1.196525;22.000000
1.147708;15.000000
1.192934;8.000000
1.132422;5.000000
1.161538;12.000000
1.132002;8.000000
1.211352;13.000000
1.150604;27.000000
1.179833;5.000000
1.132952;15.000000
1.264121;8.000000
1.174426;13.000000
1.177841;16.000000
1.153898;9.000000
1.202573;18.000000
1.163671;24.000000
1.163805;14.000000
1.205301;17.000000
1.268179;5.000000
1.150129;7.000000
1.145912;2.000000
1.171858;14.000000
1.231059;24.000000
1.164211;25.000000
1.147210;23.000000
1.117749;19.000000
1.201137;26.000000
1.224915;10.000000
1.177518;21.000000
1.217747;25.000000
1.200616;7.000000
1.200935;9.000000
1.187885;13.000000
1.126082;5.000000
1.178828;2.000000
1.182053;8.000000
1.194467;19.000000
1.166977;24.000000
1.159751;3.000000
1.204964;14.000000
1.222166;5.000000
1.170964;19.000000
1.281442;13.000000
1.158275;17.000000
1.157962;8.000000
1.149081;15.000000
1.205515;7.000000
1.182942;8.000000
1.163643;2.000000
1.173272;31.000000
1.206214;6.000000
1.179501;15.000000
