3763432.196580;37337196.000000
3757969.301536;37338200.000000
3768868.437273;37339008.000000
3758182.122152;37339811.000000
3763534.287960;37341156.000000
3764405.665805;37341781.000000
3755546.060327;37343069.000000
3752593.148725;37344082.000000
3770221.370225;37344671.000000
3786430.905882;37345615.000000
3769177.264582;37346401.000000
3772006.626966;37347148.000000
3774116.222297;37347715.000000
3774747.283474;37348918.000000
3772862.432261;37349757.000000
3770086.576252;37350231.000000
3777442.630280;37351040.000000
3767476.577011;37352559.000000
3767609.010171;37353479.000000
3774396.763502;37354298.000000
3753542.245119;37355317.000000
3750700.097521;37355916.000000
3763074.601902;37356679.000000
3769779.114828;37357714.000000
3756840.040625;37358683.000000
3758794.683692;37359326.000000
3780215.777668;37359988.000000
3758547.897226;37360984.000000
3760621.438463;37361682.000000
3751687.859471;37362422.000000
3783333.203929;37363742.000000
3778181.650431;37364845.000000
3757820.871371;37365781.000000
3777964.414020;37366752.000000
3752812.513991;37367636.000000
3766050.694352;37368337.000000
3772428.544556;37369364.000000
3752503.385425;37370362.000000
3784955.022436;37371919.000000
3778512.409482;37372923.000000
3785807.715458;37374300.000000
3762895.698441;37375121.000000
3755179.162044;37375488.000000
3740262.391373;37376223.000000
3782419.963395;37377318.000000
3762399.236288;37378011.000000
3792038.229953;37379376.000000
3790414.437510;37380518.000000
3778499.514206;37381801.000000
3773249.836506;37383453.000000
3770720.742105;37384477.000000
3768850.891064;37385724.000000
3761069.581491;37386294.000000
3782536.868950;37387378.000000
3771881.089090;37388352.000000
3771360.045768;37389729.000000
3776635.562988;37390319.000000
3763499.182513;37391355.000000
3777671.550278;37391831.000000
3764179.180426;37392907.000000
3785291.444115;37393916.000000
3789262.496396;37394789.000000
3790950.455894;37395854.000000
3779224.647067;37396802.000000
3762145.868193;37397244.000000
3765821.329848;37398342.000000
3777434.273597;37399468.000000
3758878.831352;37400235.000000
3775814.751824;37401393.000000
3774215.497454;37402461.000000
3785145.463423;37403654.000000
3760162.801485;37404736.000000
3770545.868493;37405507.000000
3787454.745071;37406275.000000
3760902.132664;37407245.000000
3790119.865771;37407976.000000
3765474.768434;37409141.000000
3780217.424538;37410180.000000
3794819.912610;37411668.000000
3791099.403298;37413359.000000
3801150.892094;37415007.000000
3775661.852741;37416221.000000
3780436.639884;37417275.000000
3772426.222858;37418140.000000
3775428.356541;37418900.000000
3779157.551271;37419921.000000
3780572.389770;37420667.000000
3766046.945053;37421115.000000
3763927.245361;37421625.000000
3774612.119173;37422251.000000
3756981.900472;37423234.000000
3789977.984020;37424541.000000
3776850.816210;37425347.000000
3776933.916829;37426675.000000
3783147.730691;37428012.000000
3787613.097667;37428844.000000
3772085.415279;37429962.000000
3790194.318071;37431358.000000
3773679.537073;37432535.000000
3781061.831650;37433591.000000
