1.522716;16.000000
1.617716;10.000000
1.538595;4.000000
1.578489;4.000000
1.537166;24.000000
1.572033;57.000000
1.671527;32.000000
1.642170;42.000000
1.469219;7.000000
1.793608;13.000000
1.540060;21.000000
1.652963;8.000000
1.543506;2.000000
1.559108;22.000000
1.500180;16.000000
1.632287;24.000000
1.514464;9.000000
1.833116;45.000000
1.510352;5.000000
1.573332;26.000000
1.653290;6.000000
1.740657;25.000000
1.673702;7.000000
1.515796;24.000000
1.561590;14.000000
1.484752;8.000000
1.503343;7.000000
1.548561;18.000000
1.582362;20.000000
1.450890;39.000000
1.426882;9.000000
1.606248;34.000000
1.486058;17.000000
1.737526;25.000000
1.740422;7.000000
1.549214;11.000000
1.674183;11.000000
1.691025;26.000000
1.662120;33.000000
1.528521;23.000000
1.667553;22.000000
1.576927;17.000000
1.536432;3.000000
1.643124;64.000000
1.785859;40.000000
1.633035;5.000000
1.563545;10.000000
1.505660;19.000000
1.608391;15.000000
1.716493;7.000000
1.572334;32.000000
1.546809;21.000000
1.758123;12.000000
1.687409;14.000000
1.482145;4.000000
1.622440;9.000000
1.670139;29.000000
1.646601;7.000000
1.620297;29.000000
1.588588;10.000000
1.535437;44.000000
1.635752;8.000000
1.667487;14.000000
1.669186;13.000000
1.637191;14.000000
1.521966;10.000000
1.648914;18.000000
1.578301;19.000000
1.511350;32.000000
1.767012;6.000000
1.781920;26.000000
1.463756;8.000000
1.619274;25.000000
1.615729;4.000000
1.672631;11.000000
1.508049;17.000000
1.705853;14.000000
1.698934;18.000000
1.513291;40.000000
1.614682;8.000000
1.643010;15.000000
1.517240;33.000000
1.791631;32.000000
1.671315;4.000000
1.529161;10.000000
1.608084;9.000000
1.679145;18.000000
1.691039;15.000000
1.695454;19.000000
1.605938;44.000000
1.768875;32.000000
1.487269;13.000000
1.559830;10.000000
1.772325;18.000000
1.675283;7.000000
1.528127;15.000000
1.696530;49.000000
1.709994;15.000000
1.554766;19.000000
1.665599;9.000000
