1059804.256058;10925659.000000
1056069.095673;10922149.000000
1054149.229953;10918470.000000
1058817.868420;10914590.000000
1063053.960096;10911215.000000
1053896.425399;10907372.000000
1053733.060361;10903465.000000
1058813.879458;10899868.000000
1061656.234378;10896769.000000
1054249.334373;10893026.000000
1057705.248681;10889752.000000
1052022.729573;10886271.000000
1056240.910117;10882749.000000
1055520.714719;10879284.000000
1057254.370233;10875393.000000
1050778.786619;10871937.000000
1050147.876787;10868073.000000
1054106.083381;10864293.000000
1059462.634246;10861135.000000
1051994.916779;10857717.000000
1053215.521709;10854125.000000
1051544.080703;10851504.000000
1051998.785244;10848627.000000
1048417.550498;10845356.000000
1057332.919379;10842342.000000
1052394.531938;10838750.000000
1048445.637306;10835303.000000
1050421.018677;10832322.000000
1043023.781893;10828486.000000
1046038.443704;10825295.000000
1045877.829376;10820676.000000
1051175.284821;10817373.000000
1052727.736290;10814404.000000
1049274.914341;10811475.000000
1054317.411906;10808601.000000
1045664.353320;10805213.000000
1049214.683988;10802073.000000
1046450.520063;10798681.000000
1045883.201643;10795271.000000
1046623.250135;10791889.000000
1049495.788973;10788553.000000
1041435.605325;10784670.000000
1046624.569652;10781529.000000
1043408.134742;10778023.000000
1048857.747015;10774871.000000
1044050.242363;10771131.000000
1039199.290053;10767281.000000
1043088.914348;10763661.000000
1039594.601333;10760288.000000
1046548.872130;10757026.000000
1041584.051610;10752956.000000
1039945.095665;10749247.000000
1038560.511010;10745959.000000
1039753.123412;10742170.000000
1045096.587804;10739022.000000
1035055.066671;10735568.000000
1045868.233562;10732249.000000
1037875.665891;10728853.000000
1040616.605314;10725855.000000
1040375.153703;10722336.000000
1040904.634984;10719100.000000
1044062.400592;10715704.000000
1036132.798789;10712407.000000
1037058.623942;10709283.000000
1036710.590632;10706058.000000
1035553.306677;10702563.000000
1038120.031427;10699506.000000
1040232.129002;10696446.000000
1033392.963798;10692717.000000
1039895.667712;10689139.000000
1037344.902958;10685627.000000
1038207.837584;10682134.000000
1039687.484110;10679064.000000
1028096.419705;10675263.000000
1035247.330323;10672206.000000
1029223.785036;10668489.000000
1032376.357557;10665100.000000
1032709.715780;10661502.000000
1033619.609743;10657954.000000
1033663.376753;10654615.000000
1036683.413451;10651296.000000
1032922.794352;10648054.000000
1030234.925330;10644505.000000
1033759.669320;10641304.000000
1025121.015689;10637414.000000
1033711.247676;10633786.000000
1033087.631346;10630318.000000
1028567.417219;10626839.000000
1031021.487835;10623675.000000
1033661.763142;10620349.000000
1030707.152957;10616866.000000
1026597.692155;10613265.000000
1030136.585332;10609715.000000
1031651.761349;10606452.000000
1022332.854919;10602379.000000
1029335.763635;10599338.000000
1027881.177256;10595922.000000
1023902.531489;10591849.000000
1023426.546463;10587593.000000
1028275.166631;10584090.000000
