3707120.359203;37428667.000000
3696594.456835;37427595.000000
3713143.983506;37426506.000000
3713340.174931;37425582.000000
3700367.732214;37424821.000000
3706914.860897;37423487.000000
3693520.112623;37422369.000000
3707355.855267;37421730.000000
3711232.018845;37420644.000000
3702215.374089;37419852.000000
3700954.673329;37418346.000000
3694534.245498;37417014.000000
3698406.956034;37415698.000000
3699666.269555;37414407.000000
3707539.744437;37413551.000000
3719818.505269;37412568.000000
3708854.258476;37411721.000000
3707390.159973;37410323.000000
3694500.194917;37409815.000000
3697593.680779;37408307.000000
3709490.031875;37406838.000000
3699048.054873;37406220.000000
3718385.314440;37405520.000000
3713412.239491;37404480.000000
3693131.057172;37403256.000000
3726566.694352;37402500.000000
3689336.069731;37400856.000000
3700806.675023;37399947.000000
3717517.550505;37399426.000000
3694286.133348;37398450.000000
3692987.314075;37397314.000000
3704609.860486;37396376.000000
3706187.162272;37395790.000000
3718357.823345;37395014.000000
3704870.783074;37393820.000000
3714003.694676;37392661.000000
3718051.182627;37392082.000000
3696412.430982;37391279.000000
3683989.442786;37390363.000000
3713049.462404;37389734.000000
3694339.783308;37388710.000000
3721094.478068;37387531.000000
3713795.591031;37386532.000000
3704266.747683;37385490.000000
3710649.320361;37384287.000000
3695094.517685;37382939.000000
3732341.130593;37382397.000000
3701996.139903;37381539.000000
3684291.656531;37380238.000000
3695457.967948;37379265.000000
3714458.951482;37378455.000000
3684459.660993;37377201.000000
3705727.983388;37376144.000000
3703590.196010;37375327.000000
3709198.878656;37374457.000000
3696787.497651;37373355.000000
3694302.579321;37372197.000000
3684927.954318;37370906.000000
3715906.082003;37369951.000000
3702770.326433;37368479.000000
3686448.153038;37367086.000000
3683052.795683;37366367.000000
3693336.311543;37364862.000000
3721899.305035;37364262.000000
3721336.521846;37362826.000000
3690411.641135;37361610.000000
3693043.493229;37360557.000000
3696808.764479;37358950.000000
3696176.959260;37357557.000000
3682159.290610;37356222.000000
3692833.996266;37355157.000000
3701408.934036;37354471.000000
3690954.809224;37353186.000000
3687403.177140;37352016.000000
3702241.434602;37351125.000000
3715691.322693;37350253.000000
3695435.728055;37348828.000000
3707280.942111;37348179.000000
3716752.105613;37347671.000000
3708220.420230;37346990.000000
3692831.153546;37345925.000000
3689729.162355;37344913.000000
3690831.967729;37343969.000000
3710339.486141;37343296.000000
3680806.520942;37342011.000000
3698701.150609;37340941.000000
3702011.187710;37340111.000000
3706443.429073;37339093.000000
3706280.583648;37338302.000000
3705222.551522;37337317.000000
3698913.779901;37336733.000000
3692684.325658;37335248.000000
3703113.969051;37334077.000000
3717280.344848;37333636.000000
3715380.789057;37332625.000000
3734474.685350;37332210.000000
3693006.911206;37331311.000000
3672809.144382;37330626.000000
3706682.229066;37329767.000000
3709623.720561;37329152.000000
