1.189373;9.000000
1.228260;11.000000
1.229577;18.000000
1.221138;14.000000
1.223216;6.000000
1.220110;32.000000
1.264020;3.000000
1.242258;22.000000
1.226410;12.000000
1.219104;14.000000
1.214103;12.000000
1.246936;12.000000
1.254245;26.000000
1.250935;3.000000
1.319579;4.000000
1.334869;5.000000
1.268856;20.000000
1.231466;3.000000
1.303789;12.000000
1.218197;18.000000
1.192499;17.000000
1.254757;14.000000
1.203021;14.000000
1.287853;6.000000
1.241346;23.000000
1.239137;8.000000
1.243430;14.000000
1.242984;7.000000
1.298068;2.000000
1.262369;4.000000
1.223805;4.000000
1.254405;15.000000
1.239609;28.000000
1.264094;16.000000
1.214667;14.000000
1.258991;9.000000
1.214336;15.000000
1.241566;12.000000
1.252732;28.000000
1.199430;5.000000
1.228054;5.000000
1.256297;12.000000
1.240788;9.000000
1.250037;1.000000
1.261384;30.000000
1.238942;7.000000
1.196280;23.000000
1.253827;8.000000
1.260469;4.000000
1.255286;6.000000
1.276987;20.000000
1.242172;11.000000
1.224160;26.000000
1.220290;4.000000
1.277312;13.000000
1.283816;2.000000
1.287885;15.000000
1.206655;4.000000
1.266403;8.000000
1.242116;4.000000
1.234587;22.000000
1.219019;16.000000
1.198457;8.000000
1.252257;5.000000
1.219201;22.000000
1.277795;3.000000
1.312477;12.000000
1.257728;6.000000
1.234136;12.000000
1.225830;12.000000
1.258204;19.000000
1.248274;23.000000
1.221612;9.000000
1.218722;20.000000
1.302523;5.000000
1.238702;30.000000
1.228934;18.000000
1.250764;39.000000
1.189167;10.000000
1.221040;18.000000
1.264855;25.000000
1.280193;5.000000
1.234827;11.000000
1.192744;13.000000
1.277349;12.000000
1.285031;12.000000
1.261883;8.000000
1.262073;15.000000
1.286775;10.000000
1.245297;14.000000
1.226981;10.000000
1.265099;35.000000
1.300072;8.000000
1.263379;2.000000
1.239055;6.000000
1.222351;3.000000
1.206849;14.000000
1.206061;9.000000
1.266074;23.000000
1.181115;7.000000
