3182856.713266;31804441.000000
3165724.708057;31804244.000000
3169984.855486;31804057.000000
3189593.960334;31803863.000000
3187432.567943;31803537.000000
3174074.129708;31803542.000000
3184634.536263;31802583.000000
3182595.280232;31802437.000000
3191090.120197;31802320.000000
3199456.835783;31802692.000000
3174602.831887;31802349.000000
3186347.874325;31802200.000000
3172058.785080;31802095.000000
3178800.066298;31801978.000000
3178472.326159;31801790.000000
3178231.850809;31801751.000000
3184934.148170;31801552.000000
3186537.702655;31801827.000000
3179496.086312;31801393.000000
3170769.346195;31801856.000000
3173525.677872;31801429.000000
3186192.605984;31801017.000000
3176424.496720;31801271.000000
3178594.737807;31800861.000000
3175699.437959;31800523.000000
3182579.501073;31800580.000000
3178731.378494;31801035.000000
3165346.684309;31800600.000000
3182573.625624;31800310.000000
3208151.388745;31800387.000000
3188585.662826;31800724.000000
3184264.317208;31800818.000000
3175964.229704;31800662.000000
3182628.965069;31801066.000000
3173982.706488;31800780.000000
3180769.537239;31800664.000000
3193708.410314;31800473.000000
3186935.890198;31800694.000000
3182328.229370;31800931.000000
3178898.592249;31800685.000000
3161329.411270;31800628.000000
3185679.970881;31800499.000000
3165512.990544;31800426.000000
3164700.542995;31799806.000000
3163733.088205;31799222.000000
3199507.836200;31799653.000000
3169381.007943;31799054.000000
3185118.665071;31798941.000000
3189011.679843;31799047.000000
3170552.242616;31799104.000000
3171118.944906;31799044.000000
3176452.256366;31799148.000000
3165409.947023;31798874.000000
3172435.193159;31798756.000000
3191193.300383;31798896.000000
3168833.831205;31799032.000000
3179618.563190;31799172.000000
3165191.580156;31798791.000000
3179901.395344;31798852.000000
3181527.018592;31798800.000000
3174692.521171;31798569.000000
3181499.655026;31798734.000000
3190256.139366;31798576.000000
3199612.032801;31798804.000000
3183080.576311;31798551.000000
3186777.401278;31798507.000000
3185108.275436;31798752.000000
3170465.418693;31798542.000000
3189202.584948;31798294.000000
3169982.301031;31798189.000000
3172637.432452;31797888.000000
3181103.235324;31797942.000000
3183431.003306;31797951.000000
3196401.160211;31798613.000000
3169388.799956;31798057.000000
3169904.009282;31798001.000000
3202425.388745;31798332.000000
3188918.810248;31798589.000000
3187322.812295;31798837.000000
3183503.728597;31799555.000000
3190204.866343;31799935.000000
3189962.715327;31799837.000000
3183941.748066;31799647.000000
3155625.097831;31799657.000000
3190286.632566;31799734.000000
3185809.920878;31799898.000000
3168247.360225;31799544.000000
3171421.309518;31799856.000000
3174159.863753;31800082.000000
3187587.141779;31800369.000000
3161462.355490;31800291.000000
3179184.798960;31800190.000000
3165241.763864;31799757.000000
3166597.514148;31799436.000000
3186219.401344;31799460.000000
3185918.539464;31799239.000000
3196038.820563;31799827.000000
3174213.850768;31799937.000000
3169291.105307;31799937.000000
3157644.475578;31799655.000000
