1.158424;12.000000
1.232559;7.000000
1.292280;4.000000
1.214944;4.000000
1.265250;24.000000
1.185184;8.000000
1.241611;8.000000
1.138938;32.000000
1.181903;4.000000
1.249814;6.000000
1.192868;3.000000
1.231240;29.000000
1.265827;22.000000
1.210069;7.000000
1.200050;33.000000
1.216792;9.000000
1.181485;7.000000
1.261856;11.000000
1.220437;18.000000
1.152697;17.000000
1.233357;2.000000
1.238301;9.000000
1.198745;14.000000
1.210818;5.000000
1.202154;21.000000
1.114443;17.000000
1.205300;12.000000
1.194836;13.000000
1.268216;17.000000
1.244031;17.000000
1.194253;21.000000
1.174105;21.000000
1.223222;24.000000
1.251166;9.000000
1.213068;4.000000
1.183056;25.000000
1.134274;6.000000
1.198524;37.000000
1.230824;23.000000
1.228755;33.000000
1.221563;10.000000
1.195966;8.000000
1.204128;7.000000
1.235574;7.000000
1.195308;6.000000
1.201847;7.000000
1.179725;6.000000
1.182769;4.000000
1.183130;8.000000
1.175848;6.000000
1.176322;11.000000
1.233345;10.000000
1.232357;20.000000
1.156211;2.000000
1.185555;7.000000
1.197328;13.000000
1.298979;19.000000
1.179743;10.000000
1.247289;19.000000
1.230516;33.000000
1.179904;7.000000
1.179577;8.000000
1.194630;4.000000
1.212182;27.000000
1.143329;7.000000
1.281454;17.000000
1.249589;19.000000
1.150961;12.000000
1.144629;13.000000
1.206245;11.000000
1.222933;23.000000
1.204159;7.000000
1.182631;2.000000
1.194963;10.000000
1.291212;21.000000
1.163167;11.000000
1.250217;4.000000
1.163948;2.000000
1.214664;18.000000
1.231113;13.000000
1.230662;5.000000
1.258018;14.000000
1.205671;6.000000
1.189116;35.000000
1.216106;8.000000
1.262821;6.000000
1.281874;9.000000
1.251445;5.000000
1.156417;15.000000
1.241300;19.000000
1.209293;7.000000
1.273211;8.000000
1.256326;2.000000
1.280804;10.000000
1.232365;13.000000
1.227235;4.000000
1.178266;11.000000
1.265516;17.000000
1.184416;26.000000
1.253426;22.000000
