3473382.876866;35890460.000000
3457900.403948;35886569.000000
3480091.926753;35883000.000000
3472938.640241;35879259.000000
3460424.983255;35874783.000000
3479281.472259;35871543.000000
3460005.362575;35868054.000000
3438321.988601;35863970.000000
3467298.474266;35860262.000000
3472548.358069;35856609.000000
3462115.309625;35852268.000000
3472143.020486;35848517.000000
3465412.778069;35844916.000000
3465027.152275;35841076.000000
3455800.220248;35837497.000000
3469158.905199;35833610.000000
3473738.425595;35829457.000000
3470340.255132;35825688.000000
3463432.353238;35821952.000000
3479712.178626;35818614.000000
3444070.193292;35814548.000000
3450015.738400;35810917.000000
3453133.626174;35807096.000000
3473089.773092;35803709.000000
3463389.195554;35799638.000000
3455645.745668;35795913.000000
3463698.866939;35792124.000000
3450966.491563;35788586.000000
3469063.363244;35785109.000000
3451098.393605;35781094.000000
3460662.469644;35777414.000000
3465417.104305;35773730.000000
3457342.352746;35770838.000000
3464751.782277;35767173.000000
3454228.089576;35763211.000000
3449887.584565;35758969.000000
3465755.178815;35755218.000000
3446866.306168;35750659.000000
3459734.855307;35746420.000000
3470977.648129;35742905.000000
3460000.388344;35739106.000000
3452090.029044;35735079.000000
3455573.135614;35731077.000000
3442688.994784;35727022.000000
3451012.833369;35723480.000000
3459938.127317;35719614.000000
3452067.623439;35715981.000000
3450709.397038;35712464.000000
3471337.049807;35709015.000000
3452436.670943;35704932.000000
3436016.703564;35700975.000000
3427707.004173;35697009.000000
3448871.784264;35692587.000000
3462889.981072;35689148.000000
3456494.876153;35685277.000000
3451878.178092;35681381.000000
3442169.020541;35677836.000000
3444124.531001;35673858.000000
3436678.162280;35669616.000000
3457983.916403;35666445.000000
3454856.116931;35662861.000000
3444152.878747;35658889.000000
3436805.370862;35655577.000000
3441110.476161;35651536.000000
3463620.749488;35648330.000000
3448424.009522;35645001.000000
3435652.551296;35641167.000000
3438223.649388;35637303.000000
3446823.145230;35633527.000000
3438046.755277;35629293.000000
3435000.096570;35625981.000000
3446442.891957;35622523.000000
3411501.609192;35618009.000000
3430461.020504;35614226.000000
3447673.842217;35610745.000000
3453966.283795;35607032.000000
3429784.902010;35603008.000000
3436079.350427;35599145.000000
3461565.000120;35595803.000000
3442071.666042;35592199.000000
3446717.840863;35588485.000000
3446124.895631;35584879.000000
3428428.322530;35580880.000000
3454754.749070;35577196.000000
3444769.056285;35573399.000000
3425815.413531;35569230.000000
3435135.487742;35565532.000000
3441366.502914;35561699.000000
3419987.994883;35558062.000000
3407603.039449;35553605.000000
3435225.246987;35550116.000000
3447456.571062;35546411.000000
3426191.690772;35542770.000000
3411994.729453;35538860.000000
3429384.209730;35534967.000000
3425923.900740;35531021.000000
3442469.620682;35527257.000000
3413233.637860;35522638.000000
3427611.047550;35518532.000000
3436458.087585;35514840.000000
