3771190.637109;37327686.000000
3756304.760619;37328669.000000
3753096.477671;37329426.000000
3767496.646773;37329992.000000
3775793.052763;37331123.000000
3760638.991878;37331980.000000
3752499.184375;37333005.000000
3772236.562974;37333952.000000
3772117.748985;37334533.000000
3800272.224698;37336012.000000
3767455.693393;37336820.000000
3785690.453063;37337845.000000
3770496.821054;37339006.000000
3761177.465566;37339856.000000
3777357.900597;37340914.000000
3764178.619436;37341778.000000
3783256.013005;37343050.000000
3769786.785548;37344702.000000
3771776.177923;37345807.000000
3761322.028920;37347189.000000
3758173.176863;37347855.000000
3751783.359402;37348767.000000
3770773.073718;37349677.000000
3783227.373323;37351096.000000
3764428.039769;37352233.000000
3777726.642522;37353560.000000
3776232.647840;37354838.000000
3772272.690182;37355406.000000
3752995.318304;37355876.000000
3774874.011793;37356688.000000
3789312.695054;37357821.000000
3777211.999061;37359371.000000
3786269.317090;37360747.000000
3786305.929466;37361957.000000
3766906.347283;37362649.000000
3789863.877917;37363904.000000
3777367.983334;37365000.000000
3760658.469188;37366217.000000
3785674.832985;37367626.000000
3769747.374150;37368255.000000
3764742.853738;37368726.000000
3778560.056726;37369890.000000
3757692.710274;37371030.000000
3782568.067541;37372393.000000
3773348.622784;37373155.000000
3782711.213217;37374415.000000
3762331.248023;37375667.000000
3786482.437554;37376850.000000
3773584.121540;37378103.000000
3759006.403363;37379047.000000
3790827.103420;37380210.000000
3781045.402365;37381514.000000
3787713.803604;37382624.000000
3762546.076330;37383363.000000
3768214.459507;37384262.000000
3775067.130793;37385301.000000
3775439.601182;37386359.000000
3780111.845196;37387451.000000
3772642.605650;37387768.000000
3780945.164901;37388516.000000
3770364.934074;37389663.000000
3763290.974492;37390392.000000
3784300.457911;37391604.000000
3770378.421469;37392881.000000
3767917.977272;37393857.000000
3767465.022606;37394740.000000
3781906.542596;37395899.000000
3777841.419899;37397052.000000
3778514.137596;37398344.000000
3796501.727126;37400004.000000
3765337.137525;37400434.000000
3769721.923747;37401530.000000
3792484.460860;37402765.000000
3795819.788242;37404253.000000
3775577.804779;37405174.000000
3766697.256144;37406366.000000
3762606.924732;37407014.000000
3788961.704718;37408153.000000
3770466.610641;37409584.000000
3772629.782352;37410938.000000
3781422.434749;37411804.000000
3775685.654226;37412680.000000
3785487.990187;37414138.000000
3788136.467199;37415124.000000
3789283.578472;37416297.000000
3774338.610582;37417263.000000
3782454.867264;37417986.000000
3789716.514332;37418781.000000
3791038.797324;37419437.000000
3781010.686194;37420555.000000
3767618.330471;37421329.000000
3779347.595337;37422280.000000
3781903.074199;37423513.000000
3812158.261878;37424919.000000
3792076.607918;37426594.000000
3759234.132414;37427253.000000
3784164.533615;37428552.000000
3768058.587443;37429438.000000
3773839.420860;37430656.000000
3762993.863523;37431642.000000
