1.239004;11.000000
1.310697;14.000000
1.238451;12.000000
1.270579;3.000000
1.245324;18.000000
1.218271;7.000000
1.286900;7.000000
1.253951;26.000000
1.269162;6.000000
1.300761;7.000000
1.258561;17.000000
1.260367;11.000000
1.237948;12.000000
1.210882;15.000000
1.294657;7.000000
1.209404;28.000000
1.269455;12.000000
1.222595;22.000000
1.259422;10.000000
1.260105;18.000000
1.256030;11.000000
1.263116;14.000000
1.307162;18.000000
1.254265;31.000000
1.264332;10.000000
1.249589;5.000000
1.285059;6.000000
1.270897;5.000000
1.266493;5.000000
1.284222;18.000000
1.295880;11.000000
1.373082;10.000000
1.302364;9.000000
1.215997;24.000000
1.245787;6.000000
1.266175;6.000000
1.286740;5.000000
1.236466;8.000000
1.243639;12.000000
1.329061;1.000000
1.259699;9.000000
1.246860;13.000000
1.288166;11.000000
1.332562;11.000000
1.274203;16.000000
1.210651;4.000000
1.301074;14.000000
1.319118;19.000000
1.309829;15.000000
1.230500;8.000000
1.307132;14.000000
1.297793;12.000000
1.262263;6.000000
1.227327;19.000000
1.265211;14.000000
1.220491;17.000000
1.276541;7.000000
1.226035;11.000000
1.256682;10.000000
1.245865;8.000000
1.271286;8.000000
1.263638;26.000000
1.270202;13.000000
1.232994;12.000000
1.231485;9.000000
1.316298;7.000000
1.232479;4.000000
1.188997;7.000000
1.276222;14.000000
1.258787;3.000000
1.214341;7.000000
1.260386;29.000000
1.252844;10.000000
1.325298;43.000000
1.281153;9.000000
1.213165;31.000000
1.262833;17.000000
1.324052;4.000000
1.289422;20.000000
1.224424;13.000000
1.271917;11.000000
1.237798;13.000000
1.278908;14.000000
1.177734;16.000000
1.212087;6.000000
1.221026;6.000000
1.263560;12.000000
1.250653;27.000000
1.309123;10.000000
1.275551;15.000000
1.197631;33.000000
1.265456;12.000000
1.234773;13.000000
1.281172;10.000000
1.235799;2.000000
1.244953;21.000000
1.234244;12.000000
1.230869;34.000000
1.279505;10.000000
1.227198;15.000000
