1.425738;17.000000
1.646163;20.000000
1.664293;12.000000
1.559731;11.000000
1.605058;36.000000
1.504739;10.000000
1.662857;9.000000
1.543117;25.000000
1.612323;16.000000
1.640148;20.000000
1.463590;16.000000
1.586110;13.000000
1.702688;18.000000
1.599365;11.000000
1.513857;15.000000
1.578079;12.000000
1.546591;11.000000
1.625394;6.000000
1.489188;14.000000
1.674338;9.000000
1.626761;9.000000
1.640390;9.000000
1.718357;5.000000
1.510368;26.000000
1.731305;24.000000
1.631202;11.000000
1.701182;17.000000
1.566623;13.000000
1.622037;7.000000
1.659219;28.000000
1.635379;17.000000
1.630878;41.000000
1.627505;37.000000
1.490573;19.000000
1.508497;49.000000
1.697484;14.000000
1.617709;19.000000
1.670328;22.000000
1.653431;6.000000
1.696565;21.000000
1.645031;11.000000
1.528701;44.000000
1.513552;7.000000
1.418331;27.000000
1.550197;14.000000
1.609211;11.000000
1.618005;14.000000
1.619077;11.000000
1.514819;35.000000
1.609927;12.000000
1.602377;16.000000
1.626964;8.000000
1.443023;8.000000
1.507908;14.000000
1.711585;27.000000
1.455173;11.000000
1.530972;26.000000
1.536463;20.000000
1.675741;4.000000
1.439201;8.000000
1.648779;43.000000
1.731923;24.000000
1.536989;19.000000
1.470507;10.000000
1.619545;9.000000
1.496816;8.000000
1.583035;16.000000
1.443889;5.000000
1.569017;13.000000
1.468871;20.000000
1.473840;60.000000
1.591665;1.000000
1.583320;6.000000
1.633677;15.000000
1.565318;39.000000
1.504348;38.000000
1.793328;63.000000
1.727257;13.000000
1.677590;25.000000
1.492423;13.000000
1.456433;6.000000
1.658446;11.000000
1.633559;10.000000
1.672160;5.000000
1.546887;19.000000
1.645440;39.000000
1.659263;9.000000
1.481664;6.000000
1.832566;8.000000
1.589675;11.000000
1.463524;15.000000
1.498935;25.000000
1.659008;28.000000
1.544296;13.000000
1.584006;9.000000
1.496149;6.000000
1.669867;19.000000
1.618715;4.000000
1.685269;12.000000
1.483245;16.000000
