3319725.289247;33624137.000000
3308919.624928;33622670.000000
3311980.952040;33621047.000000
3306806.371460;33619010.000000
3302258.416653;33617217.000000
3294404.188651;33615393.000000
3302426.192206;33613437.000000
3294047.327609;33611870.000000
3301627.809970;33610118.000000
3315723.532607;33608968.000000
3321611.014741;33607264.000000
3301067.956193;33605219.000000
3321381.541044;33603925.000000
3323087.553064;33602421.000000
3315876.172928;33600910.000000
3317149.106485;33598973.000000
3299607.953996;33596889.000000
3327345.656387;33595044.000000
3337611.020419;33593907.000000
3321906.840025;33592329.000000
3309140.860456;33590992.000000
3297304.157711;33589222.000000
3315493.408822;33587578.000000
3316248.438466;33585790.000000
3335047.084214;33584039.000000
3291812.796831;33582038.000000
3309532.838748;33580193.000000
3326996.793688;33578726.000000
3319351.002934;33577245.000000
3309693.395009;33575738.000000
3312840.929894;33573994.000000
3326181.188176;33572895.000000
3317494.994765;33571091.000000
3316847.130564;33569524.000000
3317120.156545;33568012.000000
3318657.543922;33566162.000000
3307694.984227;33564815.000000
3315936.448363;33562938.000000
3313864.117871;33561102.000000
3316975.906572;33560184.000000
3312175.243092;33558933.000000
3336440.160264;33557898.000000
3308061.104048;33556486.000000
3284618.498691;33554042.000000
3303420.652376;33551963.000000
3313452.337338;33550320.000000
3310620.026336;33548800.000000
3330209.338741;33547945.000000
3298694.716264;33546091.000000
3280239.227499;33544136.000000
3310317.833266;33542910.000000
3298771.184429;33541521.000000
3308962.609240;33540134.000000
3319562.021199;33538754.000000
3324563.739684;33537757.000000
3290778.266103;33536190.000000
3310236.304501;33534122.000000
3297219.517112;33532744.000000
3312572.036658;33530964.000000
3299716.908345;33529333.000000
3308565.549410;33527861.000000
3313886.823622;33526572.000000
3310907.845418;33525127.000000
3312523.343124;33523453.000000
3307298.040766;33521992.000000
3310910.487969;33520998.000000
3295428.517315;33519237.000000
3304813.087026;33517658.000000
3301600.987926;33515987.000000
3281944.277637;33514139.000000
3294575.044677;33512347.000000
3290252.090820;33510765.000000
3302304.140644;33509265.000000
3309309.763963;33508092.000000
3299825.235103;33506266.000000
3305358.117913;33504113.000000
3297214.879998;33502190.000000
3306831.839138;33500748.000000
3303829.521970;33499155.000000
3315719.055488;33497939.000000
3303465.518314;33496596.000000
3304608.562124;33494578.000000
3311770.959283;33492930.000000
3292583.717347;33491334.000000
3292766.708619;33489676.000000
3296635.488962;33487937.000000
3302043.871980;33486202.000000
3304650.226472;33484841.000000
3294786.108341;33483280.000000
3291638.915206;33481633.000000
3292136.246347;33480145.000000
3301598.992925;33478827.000000
3311532.044151;33477197.000000
3319302.935769;33475645.000000
3309684.451635;33474439.000000
3289374.457871;33472881.000000
3296576.534640;33471344.000000
3285714.250562;33469624.000000
3295490.494475;33467797.000000
3315719.720176;33466782.000000
