2222941.834505;23194265.000000
2219962.067946;23189646.000000
2212611.685405;23184667.000000
2228250.170347;23179894.000000
2228931.704475;23174904.000000
2210014.522765;23169663.000000
2208634.830009;23164900.000000
2222085.895318;23159971.000000
2217932.597123;23154908.000000
2222293.862693;23150210.000000
2222095.844313;23145548.000000
2228351.152214;23141701.000000
2219849.383772;23137083.000000
2214145.926055;23132075.000000
2221263.396575;23127706.000000
2229492.942072;23123293.000000
2225838.123942;23118522.000000
2212774.108418;23113561.000000
2224550.099828;23108985.000000
2204577.035422;23104155.000000
2227379.742066;23100076.000000
2215444.893859;23095169.000000
2208183.144040;23090288.000000
2212717.882512;23085378.000000
2205246.475056;23080555.000000
2213694.221896;23075833.000000
2214595.874004;23071282.000000
2216284.794376;23066581.000000
2209545.575331;23061973.000000
2214059.502282;23057686.000000
2207203.082624;23052944.000000
2206719.218000;23048143.000000
2203233.902057;23043654.000000
2222726.881070;23039458.000000
2218793.177202;23034971.000000
2207928.739719;23030795.000000
2209613.980004;23026558.000000
2212311.441022;23022305.000000
2221183.536387;23017988.000000
2210671.421567;23013809.000000
2210472.810335;23008918.000000
2200356.245685;23004313.000000
2201805.274443;22999208.000000
2209453.008652;22994346.000000
2207291.145983;22989621.000000
2201413.447983;22985300.000000
2208241.235298;22981453.000000
2206072.329125;22976762.000000
2205561.001399;22972352.000000
2206326.610437;22967566.000000
2206495.673197;22963326.000000
2200651.849260;22958627.000000
2196640.174851;22954057.000000
2189686.489401;22949388.000000
2201209.692292;22944509.000000
2197315.574816;22939349.000000
2203468.774629;22934496.000000
2203753.386641;22929995.000000
2194369.272120;22925505.000000
2199963.138618;22920864.000000
2197632.065633;22916489.000000
2213221.900246;22912276.000000
2191586.071777;22907706.000000
2195687.734998;22903258.000000
2203228.586992;22898790.000000
2189037.803868;22894430.000000
2187270.540146;22889806.000000
2194241.763902;22885007.000000
2203869.708306;22880605.000000
2192633.854327;22875826.000000
2189380.087519;22871678.000000
2190001.769426;22867424.000000
2201962.852971;22862867.000000
2195305.612044;22858544.000000
2181776.830465;22854050.000000
2193317.173790;22849365.000000
2183130.565432;22844237.000000
2191259.572248;22839618.000000
2181129.331775;22834409.000000
2200942.819757;22829604.000000
2187426.544479;22824636.000000
2184046.647189;22820339.000000
2189688.028986;22815946.000000
2182321.325764;22811087.000000
2187707.922316;22807053.000000
2197683.707065;22802609.000000
2198423.577974;22798432.000000
2191571.070626;22793907.000000
2186806.811803;22789420.000000
2180450.686549;22784647.000000
2181387.034060;22780451.000000
2181471.791725;22775616.000000
2183848.893004;22771057.000000
2175653.713939;22765807.000000
2185385.164383;22761643.000000
2175197.289579;22757111.000000
2175064.799976;22752258.000000
2180312.448890;22747493.000000
2172146.525457;22742541.000000
2176373.253732;22737511.000000
