1423230.895623;13681386.000000
1416494.730645;13685368.000000
1420244.582315;13689439.000000
1420813.069972;13693142.000000
1423319.767690;13697518.000000
1426189.347863;13700766.000000
1423596.735255;13704614.000000
1419669.480787;13708050.000000
1430064.187796;13712186.000000
1419450.652234;13715988.000000
1423609.720634;13720409.000000
1430520.842703;13724655.000000
1425544.470535;13728799.000000
1425332.455439;13733070.000000
1428590.292598;13737143.000000
1426748.161901;13741393.000000
1424813.785913;13745546.000000
1434210.022481;13749924.000000
1430677.595544;13754273.000000
1427209.440434;13757786.000000
1423971.342455;13761150.000000
1426428.606913;13765197.000000
1434376.173173;13768994.000000
1426260.924331;13772838.000000
1432733.449445;13776827.000000
1442399.700545;13781024.000000
1428465.897380;13785383.000000
1434469.371026;13789608.000000
1428396.505859;13793416.000000
1426940.891811;13797481.000000
1432081.130698;13801553.000000
1442335.891762;13805607.000000
1435229.654901;13809886.000000
1440588.142753;13814346.000000
1433221.003821;13818582.000000
1440094.896165;13822430.000000
1433372.444645;13826420.000000
1432731.687844;13830503.000000
1441766.194153;13834380.000000
1441980.407730;13838009.000000
1440886.594669;13842055.000000
1432985.947675;13845606.000000
1440544.790966;13849692.000000
1436840.736033;13853268.000000
1432652.389102;13856708.000000
1435433.887164;13860537.000000
1441818.628957;13864369.000000
1437240.988410;13868309.000000
1432607.590850;13871968.000000
1433828.913844;13875514.000000
1442516.155343;13879743.000000
1440760.153846;13883722.000000
1443700.965043;13887931.000000
1447360.886135;13891772.000000
1443681.145755;13895464.000000
1452876.808935;13899457.000000
1453737.984555;13903535.000000
1451085.774286;13908174.000000
1445934.900372;13911788.000000
1438720.279940;13915692.000000
1445220.605828;13919415.000000
1449936.503441;13923526.000000
1452366.884917;13927327.000000
1451216.180018;13931586.000000
1453986.849699;13935720.000000
1453271.847747;13939901.000000
1454044.171196;13944669.000000
1453771.744556;13949250.000000
1444628.012013;13953098.000000
1455202.077530;13957042.000000
1452994.205558;13960906.000000
1447450.338704;13964836.000000
1450445.160219;13968841.000000
1449302.483489;13972743.000000
1453459.451263;13976815.000000
1449983.906496;13980902.000000
1452174.686435;13984868.000000
1455344.096581;13989095.000000
1446241.152249;13993044.000000
1458338.046512;13997248.000000
1453427.368979;14001437.000000
1461479.855126;14005721.000000
1455074.755138;14009867.000000
1450453.766092;14013480.000000
1459364.347821;14017674.000000
1451473.171763;14021354.000000
1451101.550838;14025447.000000
1459161.386629;14029515.000000
1453426.240399;14033332.000000
1448247.288725;14036890.000000
1459245.249452;14041032.000000
1448905.911413;14044914.000000
1453111.961471;14048379.000000
1463095.239700;14053013.000000
1452204.166158;14057249.000000
1455998.341623;14061121.000000
1470850.761066;14065485.000000
1464213.125534;14069721.000000
1452543.446622;14073276.000000
1456370.862757;14076927.000000
