1.846289;59.000000
2.075508;6.000000
2.257210;23.000000
2.200681;2.000000
2.288785;25.000000
1.932873;11.000000
1.603593;20.000000
1.952360;5.000000
2.054563;27.000000
2.125111;28.000000
1.842965;11.000000
2.064000;12.000000
1.849665;5.000000
2.018609;48.000000
1.997353;31.000000
1.947546;12.000000
1.875352;48.000000
2.103685;8.000000
2.233769;6.000000
1.886623;43.000000
1.838234;31.000000
2.629661;71.000000
2.245369;32.000000
2.072825;35.000000
2.016664;8.000000
2.164533;11.000000
2.128186;26.000000
2.215430;48.000000
2.174462;27.000000
2.196743;9.000000
2.095129;9.000000
1.790298;13.000000
1.902825;14.000000
2.057801;9.000000
1.993629;4.000000
1.965995;12.000000
2.212669;14.000000
2.124295;52.000000
2.071616;30.000000
1.965143;18.000000
2.227653;10.000000
2.000471;26.000000
1.744311;4.000000
2.177313;11.000000
2.293483;8.000000
2.107464;38.000000
1.894377;9.000000
2.017183;15.000000
2.341622;51.000000
2.012611;17.000000
1.945332;17.000000
1.759501;25.000000
2.358133;7.000000
2.104525;1.000000
1.939180;6.000000
2.096539;27.000000
1.926977;11.000000
2.012391;18.000000
2.278588;31.000000
1.733420;5.000000
2.155675;15.000000
1.884004;18.000000
2.212823;17.000000
2.294848;5.000000
2.005012;13.000000
2.146252;21.000000
2.098799;45.000000
1.914630;22.000000
1.959286;27.000000
2.112554;6.000000
1.770560;70.000000
2.055919;5.000000
1.829589;10.000000
1.888592;24.000000
1.900901;25.000000
2.168578;67.000000
2.053338;20.000000
2.250944;15.000000
2.125828;10.000000
2.016651;63.000000
2.226352;12.000000
1.943181;15.000000
2.062830;26.000000
1.903560;5.000000
2.292644;20.000000
2.137114;13.000000
2.485878;145.000000
2.168272;7.000000
2.106878;36.000000
2.005862;9.000000
2.048580;53.000000
1.970668;30.000000
1.931403;29.000000
2.172743;6.000000
1.963586;31.000000
1.954714;16.000000
2.064543;11.000000
2.027843;7.000000
2.278111;8.000000
2.092763;9.000000
