2060748.005000;20706209.000000
2049855.921879;20705405.000000
2059200.518408;20704633.000000
2057304.267299;20703717.000000
2053369.868519;20703185.000000
2061863.836035;20701649.000000
2061193.628301;20701074.000000
2064602.586753;20700395.000000
2067444.454177;20699909.000000
2061489.377994;20699193.000000
2056822.764163;20698195.000000
2062140.688270;20697409.000000
2062840.699388;20696695.000000
2067378.512035;20696623.000000
2061917.925749;20696036.000000
2059149.700499;20695443.000000
2070486.997993;20695017.000000
2053734.598628;20694830.000000
2065221.609769;20694514.000000
2069106.242260;20694504.000000
2058809.279154;20693717.000000
2061019.581669;20692949.000000
2061241.373942;20692571.000000
2058776.499528;20692120.000000
2058352.767448;20691623.000000
2051780.938638;20690677.000000
2061973.339095;20690453.000000
2061971.897057;20689384.000000
2059186.752981;20689406.000000
2070164.147185;20689054.000000
2059554.812623;20687732.000000
2060467.633795;20687424.000000
2062076.064980;20687717.000000
2060355.528445;20687638.000000
2051867.825826;20687026.000000
2059180.805267;20686406.000000
2061407.624341;20685891.000000
2069680.890263;20685613.000000
2063685.572769;20684798.000000
2061148.152840;20684417.000000
2068721.762313;20684298.000000
2055112.527919;20683600.000000
2048996.137953;20682913.000000
2066049.497971;20682824.000000
2053980.639728;20681946.000000
2059126.563870;20681481.000000
2063563.165397;20681021.000000
2044345.626842;20679811.000000
2043082.171398;20678328.000000
2053928.647614;20677410.000000
2061673.204867;20677891.000000
2067560.599215;20677797.000000
2047897.342105;20676954.000000
2069773.982533;20676971.000000
2055878.259830;20676333.000000
2061658.213568;20675408.000000
2049073.053212;20674142.000000
2051887.655510;20673064.000000
2049791.610634;20672696.000000
2061526.538685;20672490.000000
2052826.193917;20671659.000000
2068198.341131;20672009.000000
2054237.943154;20671451.000000
2057655.947585;20670606.000000
2053924.575479;20670153.000000
2064129.593741;20669470.000000
2067919.565818;20668837.000000
2058478.127863;20667763.000000
2062023.571484;20667168.000000
2053800.686452;20666724.000000
2054356.087808;20665902.000000
2063390.690486;20665622.000000
2053584.673413;20664908.000000
2047115.896263;20664083.000000
2046968.345996;20663405.000000
2050967.164171;20662764.000000
2048770.122681;20661811.000000
2053999.287148;20661203.000000
2060582.100824;20661001.000000
2052527.228498;20660597.000000
2056772.912893;20659902.000000
2055441.760222;20659283.000000
2059925.702869;20659004.000000
2050833.506365;20658029.000000
2058939.686894;20657573.000000
2049735.854330;20656532.000000
2069667.394392;20656581.000000
2055279.277523;20656533.000000
2064555.993933;20656292.000000
2052533.994943;20655439.000000
2048976.141967;20654596.000000
2053747.734538;20653710.000000
2053695.252954;20652891.000000
2042468.549527;20652249.000000
2061356.409764;20652006.000000
2057184.306742;20651410.000000
2045929.276949;20650742.000000
2055329.236495;20650091.000000
2066641.535483;20650175.000000
2059423.449090;20649961.000000
