3579545.430861;36120766.000000
3571133.646722;36119783.000000
3567606.160977;36118526.000000
3573126.078251;36117150.000000
3572991.885428;36115845.000000
3572644.377388;36114938.000000
3571102.344687;36113914.000000
3575859.601915;36112815.000000
3579193.113419;36112022.000000
3561917.816901;36111016.000000
3573452.203459;36110043.000000
3569241.369724;36108758.000000
3566579.578106;36107493.000000
3569981.527169;36106285.000000
3576003.267235;36105064.000000
3573131.251729;36103731.000000
3565924.386457;36102390.000000
3572547.652672;36101555.000000
3591672.658327;36100285.000000
3596036.569781;36099824.000000
3581328.776288;36098721.000000
3567330.196785;36097455.000000
3575053.964242;36096521.000000
3565565.189491;36095344.000000
3583278.959454;36094584.000000
3578212.977166;36093623.000000
3575838.368760;36092813.000000
3580242.379621;36091484.000000
3591633.953969;36090274.000000
3563036.951499;36089350.000000
3571762.963566;36088204.000000
3564875.808990;36087243.000000
3571792.281988;36086221.000000
3577999.484837;36085202.000000
3559356.546819;36084155.000000
3583670.530175;36083080.000000
3551740.794743;36081773.000000
3551173.742914;36079668.000000
3569547.302461;36078669.000000
3546317.978626;36077389.000000
3569467.387262;36076512.000000
3587858.800561;36075518.000000
3568472.394978;36073888.000000
3588206.484086;36073511.000000
3575785.214378;36072192.000000
3574026.272077;36071331.000000
3583333.801966;36070630.000000
3581106.199536;36069855.000000
3596441.174471;36069264.000000
3573716.278808;36068460.000000
3559538.615022;36067130.000000
3562647.394826;36065768.000000
3549890.219710;36064267.000000
3585045.917399;36063475.000000
3576800.833276;36062303.000000
3565429.609407;36061217.000000
3576173.527376;36060304.000000
3554651.301862;36059289.000000
3586785.464090;36058315.000000
3586502.309853;36057438.000000
3566992.344718;36056709.000000
3557701.533854;36055333.000000
3565872.144376;36054240.000000
3576651.582044;36053345.000000
3568512.425499;36051985.000000
3561506.130747;36050534.000000
3579164.234944;36049633.000000
3563337.036166;36048239.000000
3561149.470700;36047318.000000
3566389.162806;36045908.000000
3569798.351715;36044719.000000
3570732.896086;36043722.000000
3590674.735130;36042518.000000
3574406.039096;36041281.000000
3585104.351175;36040299.000000
3577095.057712;36039303.000000
3557304.749525;36038306.000000
3574856.578704;36037337.000000
3567012.550104;36036144.000000
3555391.442999;36034925.000000
3557283.235546;36034113.000000
3588878.213357;36033515.000000
3563641.290784;36032187.000000
3555956.339990;36031019.000000
3565031.252048;36030259.000000
3576427.969553;36029450.000000
3549309.476711;36028380.000000
3569075.754252;36027354.000000
3587367.967174;36026126.000000
3571461.465769;36024934.000000
3564962.879459;36024300.000000
3554076.091966;36023355.000000
3568244.862002;36022257.000000
3568012.207478;36021193.000000
3566808.629332;36020543.000000
3588096.825773;36019572.000000
3570004.906754;36018772.000000
3562484.975508;36017918.000000
3560270.271194;36017042.000000
3588999.460537;36016232.000000
