3593650.281973;35433481.000000
3586755.436398;35434951.000000
3581316.257111;35436356.000000
3593282.743335;35437647.000000
3576212.803678;35439023.000000
3583593.156037;35440519.000000
3575409.032771;35441456.000000
3593856.760807;35442836.000000
3593685.434619;35444337.000000
3583167.423364;35445357.000000
3588895.477673;35446449.000000
3585805.384209;35447628.000000
3603891.131429;35449304.000000
3586507.987181;35450419.000000
3586346.723068;35451718.000000
3591541.274419;35453127.000000
3586144.829875;35454339.000000
3578971.710264;35456173.000000
3600692.028558;35457450.000000
3586288.407469;35458969.000000
3585471.266581;35459766.000000
3599866.830869;35461530.000000
3580788.918243;35463012.000000
3593651.155202;35464465.000000
3600122.317454;35465676.000000
3591145.282511;35466598.000000
3598169.491766;35467806.000000
3585153.490625;35469348.000000
3598731.530099;35471204.000000
3606200.019606;35472821.000000
3595487.769139;35474165.000000
3601265.510142;35475782.000000
3594838.501175;35477254.000000
3593821.884296;35478267.000000
3589114.592244;35479497.000000
3598775.232896;35481241.000000
3574266.775558;35482542.000000
3593350.752039;35483973.000000
3568051.386574;35485215.000000
3598479.746971;35486712.000000
3606352.043946;35488295.000000
3600182.940884;35489420.000000
3613412.956077;35490743.000000
3604930.441508;35491693.000000
3589424.594842;35493073.000000
3571403.695852;35494196.000000
3596522.663566;35495770.000000
3594650.833923;35496837.000000
3603533.044847;35498330.000000
3599989.907790;35499773.000000
3632451.474612;35501673.000000
3577107.037967;35502291.000000
3602511.586527;35503903.000000
3597658.914121;35505288.000000
3617927.125555;35507151.000000
3611278.433492;35509095.000000
3594633.428656;35510127.000000
3590006.647787;35511418.000000
3599684.081480;35512753.000000
3589213.208819;35514004.000000
3581427.541942;35514527.000000
3610205.910542;35516283.000000
3598892.151972;35518286.000000
3593699.649437;35519814.000000
3604213.353697;35521277.000000
3589370.656613;35522800.000000
3605563.542312;35524003.000000
3585065.976321;35525006.000000
3604792.043169;35526312.000000
3596969.547456;35527611.000000
3596727.402878;35528832.000000
3551419.229261;35529841.000000
3603045.129274;35531093.000000
3604923.861377;35532613.000000
3625130.851563;35534394.000000
3589082.647263;35535739.000000
3605176.979175;35536618.000000
3591861.667114;35537793.000000
3610111.150350;35539556.000000
3607320.047279;35540550.000000
3603816.868671;35541625.000000
3602158.193537;35542798.000000
3608529.346194;35544084.000000
3602304.770978;35545620.000000
3596080.484684;35546469.000000
3595162.697271;35547968.000000
3596675.434708;35549685.000000
3607869.672060;35551477.000000
3603272.000341;35553239.000000
3595968.703500;35554709.000000
3606670.013867;35556443.000000
3595875.789295;35557382.000000
3597681.313350;35558130.000000
3585384.953543;35559383.000000
3592657.289610;35560403.000000
3614441.664418;35561989.000000
3590757.282280;35563421.000000
3629665.833072;35564895.000000
3592550.656873;35566346.000000
3622693.572581;35568078.000000
