2.231721;19.000000
2.132632;37.000000
1.970134;20.000000
1.851269;24.000000
2.033554;9.000000
2.040093;12.000000
1.968073;6.000000
2.177418;24.000000
2.070938;14.000000
1.953436;41.000000
2.279074;45.000000
1.948797;51.000000
2.117705;8.000000
2.093248;35.000000
1.956357;16.000000
1.998700;65.000000
2.776439;40.000000
2.444630;23.000000
2.153152;39.000000
1.997355;15.000000
2.280165;10.000000
2.377301;54.000000
1.928271;34.000000
2.002644;9.000000
1.883830;9.000000
2.368940;42.000000
1.969153;13.000000
2.146726;20.000000
1.754609;15.000000
2.144801;18.000000
1.957694;40.000000
2.456391;8.000000
2.187085;78.000000
2.330151;11.000000
1.752562;17.000000
2.174961;40.000000
2.125258;12.000000
2.220101;15.000000
2.134605;23.000000
2.501042;7.000000
2.341991;9.000000
2.580994;40.000000
2.092115;40.000000
2.117285;6.000000
2.301114;27.000000
2.235599;11.000000
2.029570;17.000000
2.481615;6.000000
2.588226;15.000000
2.324152;11.000000
2.025664;3.000000
2.135637;32.000000
1.927906;21.000000
2.341602;28.000000
2.038527;24.000000
2.457932;30.000000
1.966394;15.000000
1.907468;17.000000
2.154099;27.000000
2.215575;7.000000
2.127958;15.000000
2.146086;43.000000
2.344421;14.000000
2.255664;26.000000
2.846453;26.000000
2.321005;23.000000
2.291553;19.000000
2.378613;65.000000
2.702312;8.000000
1.897313;24.000000
2.137196;7.000000
2.150081;23.000000
2.143590;22.000000
2.058523;49.000000
2.146863;13.000000
1.961013;53.000000
2.369409;14.000000
2.222772;51.000000
1.930668;16.000000
1.980068;15.000000
2.122830;4.000000
2.263803;27.000000
1.863243;41.000000
2.370283;18.000000
2.191395;74.000000
2.909290;20.000000
2.153868;15.000000
1.931917;6.000000
2.016254;9.000000
2.235296;7.000000
2.129532;4.000000
1.945575;16.000000
2.379244;59.000000
2.964508;51.000000
2.085168;3.000000
2.231090;16.000000
2.223590;16.000000
2.194808;15.000000
1.832334;4.000000
2.177061;12.000000
