1.211558;16.000000
1.270384;39.000000
1.264708;20.000000
1.268982;3.000000
1.276034;9.000000
1.243504;7.000000
1.152667;26.000000
1.200786;31.000000
1.224378;18.000000
1.288750;8.000000
1.227693;34.000000
1.260910;7.000000
1.264358;21.000000
1.296235;8.000000
1.275033;7.000000
1.250007;24.000000
1.224134;11.000000
1.294669;9.000000
1.313655;16.000000
1.289010;11.000000
1.271101;28.000000
1.293066;8.000000
1.275035;15.000000
1.309887;11.000000
1.250035;13.000000
1.192627;4.000000
1.275701;12.000000
1.302436;5.000000
1.247376;6.000000
1.317405;12.000000
1.276611;13.000000
1.364764;10.000000
1.277755;5.000000
1.253052;49.000000
1.195904;12.000000
1.244021;20.000000
1.286277;21.000000
1.270625;11.000000
1.330345;16.000000
1.244441;6.000000
1.299756;6.000000
1.282139;28.000000
1.346946;9.000000
1.315541;24.000000
1.229915;13.000000
1.285960;7.000000
1.256460;11.000000
1.280240;9.000000
1.255341;20.000000
1.233661;11.000000
1.209908;15.000000
1.237139;6.000000
1.306346;13.000000
1.239847;17.000000
1.315712;15.000000
1.291385;5.000000
1.263139;27.000000
1.230548;29.000000
1.253778;4.000000
1.319585;17.000000
1.300571;11.000000
1.230936;23.000000
1.271988;18.000000
1.264413;58.000000
1.337025;8.000000
1.340344;26.000000
1.243393;16.000000
1.321627;9.000000
1.220848;10.000000
1.289614;2.000000
1.281912;16.000000
1.294945;29.000000
1.248407;4.000000
1.247923;8.000000
1.279065;11.000000
1.251764;7.000000
1.274594;10.000000
1.294919;10.000000
1.262650;7.000000
1.256141;24.000000
1.322002;8.000000
1.227565;19.000000
1.290383;13.000000
1.206631;11.000000
1.276887;28.000000
1.299253;21.000000
1.252487;16.000000
1.294158;9.000000
1.184071;28.000000
1.264061;10.000000
1.276082;6.000000
1.321902;28.000000
1.268089;9.000000
1.282130;5.000000
1.263432;17.000000
1.261979;16.000000
1.260552;19.000000
1.261647;12.000000
1.319703;23.000000
1.309762;21.000000
