627.767995;11250.000000
1879.500117;22652.000000
3161.868061;34096.000000
4510.946906;45958.000000
5800.648596;57476.000000
7091.802732;69209.000000
8345.757504;80580.000000
9623.954874;91683.000000
10852.917042;102814.000000
12182.401745;114433.000000
13537.559958;126353.000000
14831.844820;138422.000000
16148.795221;149672.000000
17403.134246;161113.000000
18728.181404;172957.000000
20006.456470;184738.000000
21098.406493;195661.000000
22477.689595;207378.000000
23846.611565;218642.000000
25131.261693;229626.000000
26298.553067;241021.000000
27716.134800;252613.000000
28950.751235;264331.000000
30331.716135;275921.000000
31585.418633;288036.000000
32842.511750;299693.000000
