1638773.355333;15527620.000000
1635377.731833;15533412.000000
1636339.727473;15538665.000000
1639656.569617;15544208.000000
1644115.815730;15549792.000000
1648845.031024;15554859.000000
1647576.261386;15560816.000000
1642146.517831;15566392.000000
1654772.199792;15572500.000000
1634503.147205;15577503.000000
1645084.045639;15582561.000000
1646777.450166;15588225.000000
1646600.060341;15593539.000000
1646919.443436;15598882.000000
1640374.034250;15604453.000000
1641585.814504;15610423.000000
1642349.549727;15615823.000000
1655178.891154;15621636.000000
1651310.767230;15627399.000000
1657175.413113;15633010.000000
1649024.754783;15638634.000000
1655791.640420;15644473.000000
1646734.076994;15650035.000000
1649234.735134;15655610.000000
1653132.664804;15661073.000000
1652572.455422;15666512.000000
1655632.793945;15672470.000000
1658144.838496;15678533.000000
1658354.052153;15684579.000000
1667215.341759;15690678.000000
1652241.170428;15696523.000000
1664311.477806;15702558.000000
1658496.139069;15708455.000000
1660343.173033;15713550.000000
1651183.275352;15719097.000000
1660444.201049;15724372.000000
1668405.634132;15730454.000000
1652357.880988;15735912.000000
1662966.784836;15742028.000000
1661095.401355;15747225.000000
1655340.487298;15752960.000000
1660017.228560;15758605.000000
1660790.726842;15763957.000000
1668146.166800;15769985.000000
1659965.275975;15775528.000000
1675901.569209;15781082.000000
1669054.469800;15786373.000000
1666576.567270;15792313.000000
1669082.168090;15798294.000000
1657279.345780;15803679.000000
1665417.738657;15809687.000000
1667220.996498;15815459.000000
1669959.030778;15820504.000000
1663521.060570;15825771.000000
1670645.765055;15831332.000000
1674196.984920;15836786.000000
1676779.882667;15842605.000000
1681391.950405;15847900.000000
1677564.170344;15853981.000000
1672938.645005;15859647.000000
1677438.037099;15865531.000000
1660959.729163;15870473.000000
1683527.858180;15876799.000000
1682956.679992;15882772.000000
1676522.007158;15888718.000000
1666872.261992;15894199.000000
1682181.003531;15899729.000000
1680793.759330;15905145.000000
1684375.553560;15910248.000000
1679231.468911;15915981.000000
1676995.988365;15922005.000000
1682693.733143;15927775.000000
1677551.331118;15933333.000000
1683460.692630;15938438.000000
1678703.632974;15944663.000000
1683238.941412;15949638.000000
1676671.711735;15954944.000000
1681456.276896;15960512.000000
1692050.023923;15966329.000000
1676872.641525;15971555.000000
1684122.288519;15977043.000000
1694261.543200;15983200.000000
1688526.099267;15988544.000000
1700389.079656;15994500.000000
1679592.781783;16000043.000000
1688337.191163;16005299.000000
1695001.877164;16011106.000000
1687993.558736;16016768.000000
1695113.376869;16022508.000000
1695912.214623;16028452.000000
1690232.232821;16034080.000000
1701161.885034;16040352.000000
1692389.675181;16046164.000000
1683680.287799;16051246.000000
1690395.379196;16056921.000000
1693581.251550;16062389.000000
1697119.383454;16067919.000000
1691828.727057;16073576.000000
1700352.280469;16079411.000000
1696412.895391;16084752.000000
