1.193419;20.000000
1.208231;20.000000
1.228025;10.000000
1.246189;12.000000
1.269570;31.000000
1.171806;13.000000
1.217224;4.000000
1.243544;5.000000
1.240658;13.000000
1.240570;13.000000
1.249618;5.000000
1.220668;20.000000
1.291352;11.000000
1.237098;19.000000
1.250049;9.000000
1.223426;22.000000
1.206799;48.000000
1.217626;9.000000
1.224600;7.000000
1.237013;17.000000
1.288467;6.000000
1.235223;1.000000
1.264675;7.000000
1.228025;15.000000
1.181660;7.000000
1.258477;7.000000
1.253889;9.000000
1.238189;14.000000
1.228264;10.000000
1.174244;18.000000
1.191074;18.000000
1.237727;26.000000
1.222824;42.000000
1.245355;6.000000
1.288561;9.000000
1.240795;12.000000
1.235303;14.000000
1.320194;44.000000
1.210841;12.000000
1.254948;11.000000
1.214229;9.000000
1.219481;15.000000
1.256406;16.000000
1.208396;12.000000
1.196819;31.000000
1.229959;11.000000
1.198572;7.000000
1.214728;9.000000
1.261809;21.000000
1.214047;26.000000
1.220337;5.000000
1.269719;7.000000
1.281443;18.000000
1.238844;20.000000
1.250709;16.000000
1.286031;14.000000
1.291639;8.000000
1.259811;7.000000
1.257390;8.000000
1.172578;10.000000
1.232476;27.000000
1.326328;15.000000
1.266614;25.000000
1.243482;14.000000
1.261063;16.000000
1.265541;14.000000
1.192183;5.000000
1.221221;4.000000
1.208540;38.000000
1.268149;4.000000
1.282901;20.000000
1.270717;10.000000
1.218269;31.000000
1.249928;14.000000
1.229870;9.000000
1.283960;12.000000
1.220532;7.000000
1.220488;5.000000
1.229933;7.000000
1.223718;8.000000
1.217271;19.000000
1.280103;13.000000
1.218803;13.000000
1.278499;22.000000
1.209682;9.000000
1.231628;22.000000
1.193593;5.000000
1.269114;19.000000
1.236745;19.000000
1.259309;18.000000
1.218970;9.000000
1.301782;4.000000
1.239152;3.000000
1.196176;20.000000
1.248763;11.000000
1.270679;3.000000
1.229016;6.000000
1.238993;10.000000
1.241730;10.000000
1.245816;8.000000
