2669601.611617;27467645.000000
2667644.691831;27464702.000000
2656732.562508;27461268.000000
2678276.940629;27457932.000000
2681124.757661;27454749.000000
2668763.221978;27451627.000000
2660193.093035;27448560.000000
2668681.320441;27445589.000000
2677700.647678;27442572.000000
2672150.711953;27440197.000000
2671210.316355;27436932.000000
2675101.145113;27434295.000000
2664893.452766;27431188.000000
2678517.044355;27428487.000000
2665399.939035;27425443.000000
2670998.979199;27422332.000000
2670001.978918;27419252.000000
2661850.763529;27415879.000000
2679144.764883;27413843.000000
2668416.014400;27410819.000000
2668350.280122;27407398.000000
2683433.901173;27404988.000000
2689136.894407;27402527.000000
2664538.317909;27399419.000000
2666637.367619;27396443.000000
2667831.706480;27393404.000000
2661126.439960;27390524.000000
2666881.274126;27387464.000000
2667916.511812;27384810.000000
2654773.195308;27381584.000000
2664832.269581;27378994.000000
2662833.557299;27376136.000000
2672519.394418;27373479.000000
2663214.855517;27370341.000000
2675093.744447;27367571.000000
2670547.157626;27364811.000000
2663567.044831;27361996.000000
2659581.586389;27358727.000000
2649469.821781;27355367.000000
2652618.492545;27351966.000000
2658029.005110;27349257.000000
2666450.789225;27346022.000000
2665265.445838;27342861.000000
2664478.992515;27340031.000000
2655833.642565;27337071.000000
2666909.716995;27334114.000000
2659709.485094;27331224.000000
2663013.991272;27328083.000000
2651434.170344;27325051.000000
2651349.659896;27321365.000000
2661916.237746;27318474.000000
2658839.741049;27315549.000000
2657914.412021;27312166.000000
2661079.110608;27309193.000000
2653088.440024;27306101.000000
2662870.847456;27302644.000000
2660582.558762;27299530.000000
2663320.582367;27296383.000000
2657061.801819;27293472.000000
2646565.803105;27290136.000000
2659209.268447;27286931.000000
2661606.144077;27283816.000000
2656774.825101;27280824.000000
2646000.071187;27278371.000000
2652255.504803;27275137.000000
2646384.843926;27272563.000000
2652585.018571;27269420.000000
2652752.456475;27266496.000000
2653338.136775;27263772.000000
2646222.100980;27260855.000000
2651166.075321;27257801.000000
2660637.436826;27255014.000000
2671302.462267;27252483.000000
2654015.980103;27249575.000000
2653532.628972;27246887.000000
2654333.601506;27243703.000000
2644118.815533;27240578.000000
2644821.386759;27237235.000000
2653082.467267;27234346.000000
2656415.217725;27231926.000000
2654503.038662;27229231.000000
2653741.307262;27226207.000000
2640642.397702;27223369.000000
2654662.968278;27220615.000000
2655500.848752;27217686.000000
2644138.407042;27214756.000000
2649165.426921;27212051.000000
2628095.983777;27208719.000000
2650802.396765;27205734.000000
2647300.540782;27203129.000000
2649442.591229;27200333.000000
2657996.283742;27197351.000000
2640513.936560;27194179.000000
2663698.896321;27191626.000000
2638140.650632;27188268.000000
2640145.247098;27185118.000000
2651198.097185;27182323.000000
2641713.236666;27179540.000000
2647899.998798;27176433.000000
2652724.341607;27173612.000000
