1870093.481783;19757988.000000
1862583.522258;19751606.000000
1869042.775580;19745281.000000
1865811.811394;19738930.000000
1853515.566784;19732317.000000
1861570.828369;19725559.000000
1869298.072115;19719713.000000
1861682.806163;19713778.000000
1871667.699485;19707837.000000
1853094.459947;19701385.000000
1862510.904464;19695273.000000
1864549.204256;19688794.000000
1847022.133259;19681759.000000
1861879.930968;19675276.000000
1855351.838316;19668688.000000
1850705.467040;19662147.000000
1858368.445806;19655373.000000
1842018.672210;19648189.000000
1856368.560832;19641872.000000
1857509.407705;19635552.000000
1858974.493651;19629501.000000
1849002.574111;19623435.000000
1855327.340851;19617495.000000
1856194.233892;19611257.000000
1841230.424954;19604674.000000
1857392.574055;19598406.000000
1857425.361837;19592794.000000
1855384.789754;19586603.000000
1844152.250277;19580329.000000
1853282.960030;19573847.000000
1831475.142948;19567145.000000
1847433.714571;19560539.000000
1842699.905511;19553586.000000
1846779.118562;19547618.000000
1844478.345641;19541454.000000
1848217.319813;19534944.000000
1843430.337134;19528299.000000
1848155.358398;19521551.000000
1850898.728818;19515277.000000
1836031.124087;19508774.000000
1835243.141622;19501980.000000
1843388.263507;19495260.000000
1838059.182896;19488840.000000
1843089.659146;19482829.000000
1840094.725585;19476529.000000
1842320.162025;19470246.000000
1835157.078838;19464092.000000
1838189.360679;19457780.000000
1835333.644585;19451506.000000
1845211.519259;19445218.000000
1839525.197037;19439166.000000
1842113.720962;19432424.000000
1842588.488956;19426571.000000
1837236.138337;19420297.000000
1831251.319352;19413994.000000
1832189.653512;19407857.000000
1845740.853155;19402078.000000
1829214.036192;19395565.000000
1829972.134935;19389269.000000
1834860.896057;19382784.000000
1836420.220626;19376076.000000
1826870.276183;19369823.000000
1835043.258938;19363921.000000
1834081.226472;19357685.000000
1827380.638890;19351544.000000
1831174.740417;19345122.000000
1817566.254645;19338229.000000
1822655.572939;19331476.000000
1828236.988610;19325080.000000
1817491.133263;19318419.000000
1836457.258718;19311833.000000
1834815.231102;19305617.000000
1822257.687600;19299323.000000
1825063.579188;19293084.000000
1819073.699749;19286294.000000
1818983.231062;19279459.000000
1827173.115834;19273208.000000
1829096.896734;19267327.000000
1831436.318716;19261625.000000
1822384.857165;19255818.000000
1817818.875748;19249498.000000
1816554.383676;19242894.000000
1812300.810699;19236720.000000
1813989.266393;19230370.000000
1821845.148296;19224031.000000
1808686.660604;19217604.000000
1819895.454736;19211355.000000
1813830.626499;19204637.000000
1815153.700181;19198230.000000
1819878.764993;19192052.000000
1806644.832634;19185771.000000
1813323.980422;19179776.000000
1808732.571483;19173127.000000
1811103.832990;19166888.000000
1810010.059266;19160584.000000
1813193.280358;19154623.000000
1812664.433247;19148328.000000
1812602.756902;19142524.000000
1812555.921240;19136262.000000
1812455.417127;19129632.000000
