1822707.730571;17168145.000000
1822493.022992;17174679.000000
1817826.060224;17180521.000000
1822557.212992;17186807.000000
1823592.326552;17193095.000000
1831432.662068;17198773.000000
1828233.925142;17205206.000000
1823988.249519;17211409.000000
1835993.718152;17217855.000000
1820227.598795;17223583.000000
1825335.722453;17229583.000000
1835904.245240;17236162.000000
1834803.196192;17242545.000000
1830149.782569;17248807.000000
1836625.579173;17255030.000000
1829741.200032;17261119.000000
1829625.943781;17267970.000000
1836997.071186;17274065.000000
1846224.527266;17280814.000000
1835628.410210;17287286.000000
1837667.603094;17293258.000000
1831286.793623;17299559.000000
1837626.297913;17305903.000000
1832366.186401;17311996.000000
1846095.187937;17318171.000000
1847481.133343;17324725.000000
1837940.835631;17331350.000000
1847075.819325;17337683.000000
1850475.711941;17344008.000000
1850794.404096;17350856.000000
1846475.564366;17357788.000000
1837982.731131;17363801.000000
1836966.716206;17370028.000000
1844951.069495;17375691.000000
1852371.022443;17381656.000000
1848413.227153;17387944.000000
1851311.405941;17394507.000000
1839593.413415;17400724.000000
1844683.536798;17406751.000000
1847530.545266;17412916.000000
1859912.843550;17419052.000000
1855195.819781;17425826.000000
1865860.238037;17432543.000000
1846126.109303;17438970.000000
1862111.322525;17445198.000000
1849316.171367;17451619.000000
1853936.169303;17458233.000000
1848449.397459;17464630.000000
1856426.474408;17470785.000000
1863579.577932;17477169.000000
1858196.182753;17483633.000000
1858252.619523;17490492.000000
1854346.157760;17496613.000000
1864925.149908;17502858.000000
1861640.719675;17509302.000000
1867698.797198;17515856.000000
1866844.223060;17522082.000000
1861653.602724;17528088.000000
1877330.856378;17535405.000000
1859274.498920;17541398.000000
1859704.972937;17547749.000000
1862301.369806;17553938.000000
1856539.699362;17560486.000000
1863563.117781;17566829.000000
1867507.126852;17573261.000000
1875902.799333;17579620.000000
1878729.351437;17586081.000000
1857529.162200;17591920.000000
1873637.112290;17598487.000000
1872516.234015;17604754.000000
1874586.661657;17611282.000000
1866868.607532;17617607.000000
1865187.537881;17623571.000000
1884778.191747;17629729.000000
1874079.925925;17636172.000000
1870042.767950;17642463.000000
1864132.166513;17648566.000000
1874423.824553;17655097.000000
1871985.223160;17661289.000000
1865320.692044;17667470.000000
1877685.286940;17673858.000000
1877985.076287;17680196.000000
1882764.993629;17687149.000000
1882914.549113;17693258.000000
1888499.531630;17700033.000000
1866325.544020;17706086.000000
1880950.927247;17713235.000000
1876091.671228;17719572.000000
1889230.949090;17725933.000000
1886826.703204;17731797.000000
1887629.535990;17738429.000000
1889812.340060;17744283.000000
1886479.844628;17750610.000000
1879366.386436;17756729.000000
1877082.228065;17762806.000000
1877159.315548;17768738.000000
1882844.945576;17774691.000000
1883569.690549;17780712.000000
1880550.719454;17786058.000000
1881574.957133;17792648.000000
