1.673048;68.000000
1.986025;23.000000
1.916624;14.000000
1.761946;9.000000
2.004777;5.000000
1.900841;25.000000
1.937425;9.000000
1.914044;42.000000
1.791843;7.000000
2.077536;33.000000
2.058208;11.000000
1.992780;7.000000
1.766085;25.000000
1.767160;7.000000
1.746984;13.000000
1.877077;16.000000
1.982035;18.000000
2.181749;10.000000
1.966579;7.000000
1.739001;11.000000
2.020008;30.000000
1.594486;26.000000
1.985423;1.000000
1.999684;27.000000
1.885691;31.000000
1.919260;13.000000
1.681619;8.000000
1.873211;5.000000
1.940872;20.000000
1.824236;19.000000
1.923374;17.000000
1.852038;42.000000
1.756917;11.000000
1.739052;52.000000
1.879891;6.000000
1.786445;28.000000
1.688727;8.000000
1.940992;16.000000
1.879218;9.000000
1.996078;117.000000
2.084700;11.000000
1.916176;25.000000
1.816154;19.000000
1.622821;19.000000
1.963352;29.000000
1.853284;7.000000
1.950147;2.000000
2.089833;12.000000
1.872887;29.000000
1.894019;44.000000
1.790353;4.000000
2.112647;10.000000
1.820909;26.000000
2.045235;57.000000
1.815453;19.000000
1.821047;11.000000
1.705900;9.000000
2.081087;13.000000
1.837823;11.000000
1.768292;9.000000
1.857678;19.000000
1.995739;2.000000
1.900446;3.000000
1.800237;44.000000
1.993967;5.000000
1.870920;15.000000
2.058644;10.000000
1.891809;17.000000
1.661389;14.000000
2.020406;38.000000
1.889827;9.000000
2.044287;34.000000
1.661042;4.000000
2.418596;7.000000
1.942252;13.000000
1.911504;20.000000
1.642602;16.000000
1.764166;35.000000
2.115705;55.000000
1.896242;14.000000
2.324439;4.000000
1.878589;11.000000
2.039966;17.000000
1.874912;42.000000
1.817943;7.000000
2.151309;4.000000
1.842361;14.000000
1.791364;45.000000
1.944196;12.000000
1.668633;4.000000
1.747330;27.000000
1.836100;14.000000
1.709037;14.000000
1.675479;23.000000
2.095834;4.000000
1.698470;31.000000
1.985981;4.000000
1.950864;20.000000
1.875227;16.000000
1.953430;68.000000
