1681700.279964;16089225.000000
1675990.170442;16093878.000000
1677948.388369;16098403.000000
1684847.938372;16103069.000000
1682677.339568;16107310.000000
1675422.779962;16111613.000000
1684709.573005;16116363.000000
1682356.876483;16121170.000000
1689852.818200;16126013.000000
1685675.014621;16130779.000000
1686751.531465;16135455.000000
1685796.826363;16139912.000000
1686709.513404;16144492.000000
1685465.396387;16148824.000000
1689973.814719;16153788.000000
1683008.245101;16158085.000000
1681726.841391;16162737.000000
1691519.707770;16166856.000000
1693151.539320;16171748.000000
1685620.618636;16176566.000000
1698832.545773;16181698.000000
1696790.452438;16185993.000000
1697404.357635;16191492.000000
1692192.433385;16196332.000000
1688206.341747;16200692.000000
1689492.085959;16205525.000000
1691361.016793;16209994.000000
1697456.340621;16214681.000000
1692153.005957;16219554.000000
1692656.199156;16224388.000000
1694372.404507;16229156.000000
1700537.630015;16234070.000000
1693032.901563;16238697.000000
1690695.647763;16243634.000000
1701359.715581;16248449.000000
1697040.849508;16252827.000000
1693727.475146;16257266.000000
1700287.928887;16261486.000000
1706998.034427;16266182.000000
1701053.124914;16270901.000000
1702660.065405;16276208.000000
1698101.557463;16281415.000000
1700482.451848;16286560.000000
1695118.333722;16291169.000000
1696057.460028;16295497.000000
1700543.586587;16300203.000000
1707255.244158;16304936.000000
1703850.259486;16309600.000000
1701514.911692;16314287.000000
1703393.138024;16318973.000000
1708174.966272;16323898.000000
1706768.667728;16329007.000000
1711526.429369;16333168.000000
1706467.821233;16337844.000000
1710595.504578;16342489.000000
1701386.732388;16347722.000000
1708050.562010;16352498.000000
1715828.266679;16357749.000000
1701549.024053;16361758.000000
1720848.968171;16366840.000000
1709873.719225;16371750.000000
1704284.293163;16376177.000000
1718446.533782;16381320.000000
1713675.308971;16386155.000000
1708858.182909;16390526.000000
1713005.323761;16395018.000000
1720492.397851;16399918.000000
1711868.489031;16404824.000000
1705808.857440;16409310.000000
1722267.249613;16413914.000000
1720501.863647;16418227.000000
1716972.095809;16422923.000000
1718700.360486;16427854.000000
1718638.803907;16432364.000000
1709719.692889;16437129.000000
1720534.993967;16441590.000000
1716239.878997;16445719.000000
1712453.951019;16449852.000000
1716775.681613;16454614.000000
1722592.222262;16459579.000000
1716532.905037;16464213.000000
1730510.209219;16469501.000000
1724573.387018;16474714.000000
1720772.086374;16479149.000000
1725045.129207;16483782.000000
1723726.352185;16488387.000000
1726890.926619;16493192.000000
1724497.118517;16498284.000000
1721753.783235;16503207.000000
1726918.108860;16507722.000000
1715905.705290;16512291.000000
1721362.492745;16517077.000000
1724516.814237;16521184.000000
1723462.978755;16525492.000000
1724397.116803;16529747.000000
1722984.215176;16534073.000000
1717437.873855;16538287.000000
1723926.540687;16542331.000000
1730409.141206;16546853.000000
1735755.495698;16551284.000000
