1945502.826805;19051147.000000
1943267.786374;19053469.000000
1943636.813082;19055854.000000
1947826.916255;19057977.000000
1944679.339601;19060483.000000
1937265.689743;19062600.000000
1931482.391318;19063992.000000
1943065.255853;19065993.000000
1939509.372945;19067965.000000
1940746.967352;19069659.000000
1955895.052050;19072035.000000
1947125.209980;19074086.000000
1945853.202802;19076117.000000
1953973.259456;19078601.000000
1946133.240643;19081020.000000
1941535.906503;19082870.000000
1939868.398390;19084667.000000
1939272.236796;19086212.000000
1941911.059947;19088396.000000
1939043.203744;19090284.000000
1942512.741563;19092216.000000
1952174.723131;19094196.000000
1958385.441265;19096110.000000
1935530.057930;19098046.000000
1949660.907110;19099885.000000
1943244.245423;19102064.000000
1954585.427652;19104565.000000
1945540.758415;19106856.000000
1960248.966940;19109254.000000
1953104.813648;19111849.000000
1956851.771743;19113995.000000
1944251.894223;19115329.000000
1951158.152451;19117322.000000
1949801.880270;19119434.000000
1945671.337069;19121235.000000
1951684.647452;19123458.000000
1961003.701577;19126165.000000
1959820.028783;19129047.000000
1956917.461011;19131647.000000
1955197.073134;19133664.000000
1956266.543801;19135818.000000
1948788.865135;19138088.000000
1960113.795899;19140578.000000
1963078.757373;19143548.000000
1954482.151094;19145591.000000
1959940.266271;19148102.000000
1956473.629078;19150407.000000
1951348.484388;19152354.000000
1940473.023878;19153677.000000
1945233.977917;19155329.000000
1946615.471007;19157506.000000
1945285.392682;19159573.000000
1960073.553737;19162041.000000
1957921.450980;19164040.000000
1955170.121582;19165332.000000
1964454.707903;19167463.000000
1961794.708769;19169706.000000
1947122.022472;19171260.000000
1957607.730842;19172682.000000
1964198.039714;19175253.000000
1958392.111584;19177231.000000
1951638.198328;19179293.000000
1949613.560000;19181115.000000
1947392.432022;19183092.000000
1954243.779050;19185174.000000
1948413.062649;19187312.000000
1966533.525841;19189197.000000
1963608.760065;19191439.000000
1958872.270224;19193207.000000
1962652.976067;19195833.000000
1955664.353813;19197944.000000
1964464.074737;19200278.000000
1955347.777626;19202173.000000
1961390.577148;19204468.000000
1968311.231349;19206722.000000
1968211.561836;19209266.000000
1955891.527162;19211638.000000
1953263.129906;19213868.000000
1951563.102242;19215214.000000
1966727.636080;19217624.000000
1958017.709585;19219429.000000
1960686.027634;19221614.000000
1955867.742341;19223355.000000
1950089.313604;19225050.000000
1960632.696726;19227445.000000
1960362.731324;19229583.000000
1948515.574888;19231387.000000
1965251.757691;19233752.000000
1965885.602499;19235666.000000
1950665.696711;19237349.000000
1951463.153106;19239349.000000
1949345.955738;19240569.000000
1962161.101201;19242260.000000
1965086.833197;19244426.000000
1965760.874282;19246359.000000
1964616.553915;19248107.000000
1976447.146443;19250277.000000
1958901.703032;19252629.000000
1950140.365779;19254313.000000
1965738.309728;19256225.000000
