3537693.178034;35606166.000000
3542533.106724;35605911.000000
3551424.119933;35605441.000000
3535019.464434;35604690.000000
3529569.173962;35604119.000000
3531699.695775;35603463.000000
3528258.530309;35602506.000000
3543750.074835;35601625.000000
3530921.355433;35601141.000000
3537409.288977;35600393.000000
3543243.054594;35599469.000000
3544906.794555;35598688.000000
3536365.812420;35597836.000000
3558744.137518;35597851.000000
3549415.859082;35597360.000000
3552280.830804;35597086.000000
3560138.843692;35596639.000000
3549857.340004;35595888.000000
3550564.018555;35595616.000000
3580122.412629;35595845.000000
3554971.347170;35595242.000000
3538697.987936;35594606.000000
3539070.263588;35594726.000000
3536683.617697;35594469.000000
3532433.263727;35594222.000000
3548208.929608;35593265.000000
3514205.813168;35591478.000000
3538552.039920;35590579.000000
3532458.246148;35589686.000000
3546264.692535;35589203.000000
3566625.133469;35588951.000000
3545690.979088;35587885.000000
3543970.382309;35587484.000000
3549851.172438;35587122.000000
3567500.575801;35587199.000000
3546403.710943;35586206.000000
3544661.521668;35586061.000000
3530598.699079;35585442.000000
3540930.212172;35584831.000000
3534352.037139;35584564.000000
3524090.775754;35583809.000000
3532293.240448;35582953.000000
3546080.757126;35582876.000000
3520394.978047;35581575.000000
3546221.206213;35581699.000000
3560524.060469;35581896.000000
3538458.007008;35581191.000000
3535013.202097;35580789.000000
3559948.358996;35580220.000000
3528505.756256;35579728.000000
3531382.426953;35579117.000000
3527104.898216;35578506.000000
3537767.471679;35577676.000000
3546797.082195;35576961.000000
3544871.359688;35576126.000000
3544792.974164;35575779.000000
3554823.315368;35575436.000000
3536312.248274;35574742.000000
3530518.300181;35573826.000000
3544797.872166;35573378.000000
3553064.287278;35573402.000000
3531885.405705;35572637.000000
3535167.980702;35572415.000000
3526392.579979;35571287.000000
3533113.709255;35570650.000000
3537885.793683;35570166.000000
3536403.762119;35569391.000000
3529150.418986;35568083.000000
3539057.855290;35567473.000000
3544028.676084;35567094.000000
3535963.600939;35566566.000000
3529662.826583;35565157.000000
3547861.855583;35564587.000000
3540715.658380;35564616.000000
3539455.484504;35564244.000000
3552678.996937;35564219.000000
3552082.835406;35563544.000000
3539836.625915;35562986.000000
3536841.938189;35562971.000000
3545695.215039;35562652.000000
3545351.519552;35562266.000000
3535687.909956;35561674.000000
3534313.484006;35561151.000000
3533740.540775;35561059.000000
3539991.292711;35560469.000000
3555560.322432;35560465.000000
3550481.259301;35559740.000000
3548772.976614;35559532.000000
3533747.363745;35559037.000000
3528148.407352;35558307.000000
3530679.991968;35557774.000000
3551573.421101;35557435.000000
3551021.552826;35556617.000000
3561626.000167;35556813.000000
3539820.151294;35556443.000000
3554872.879964;35556215.000000
3520189.393679;35555593.000000
3513358.050571;35554416.000000
3553319.715484;35554264.000000
3536331.989847;35553879.000000
