1.354681;4.000000
1.432617;7.000000
1.470468;24.000000
1.406093;14.000000
1.626910;3.000000
1.483783;8.000000
1.571943;11.000000
1.455658;5.000000
1.531515;4.000000
1.410832;11.000000
1.434221;13.000000
1.445129;12.000000
1.448241;9.000000
1.447868;12.000000
1.532617;34.000000
1.633931;47.000000
1.470151;12.000000
1.704278;21.000000
1.595821;37.000000
1.556713;18.000000
1.516601;13.000000
1.665969;29.000000
1.452157;9.000000
1.610821;13.000000
1.469454;12.000000
1.599922;9.000000
1.500320;18.000000
1.654653;11.000000
1.468383;23.000000
1.641488;31.000000
1.569573;16.000000
1.478566;7.000000
1.491962;7.000000
1.581898;6.000000
1.471852;9.000000
1.538670;12.000000
1.576731;39.000000
1.564187;3.000000
1.395726;19.000000
1.462029;23.000000
1.411150;6.000000
1.400985;4.000000
1.528555;9.000000
1.436247;15.000000
1.431025;17.000000
1.354785;4.000000
1.562672;14.000000
1.525762;39.000000
1.505482;3.000000
1.498995;19.000000
1.532393;13.000000
1.446987;8.000000
1.496283;6.000000
1.537587;18.000000
1.445263;2.000000
1.481648;27.000000
1.525394;15.000000
1.539281;23.000000
1.514912;10.000000
1.485387;29.000000
1.612271;22.000000
1.413423;6.000000
1.565738;4.000000
1.498481;8.000000
1.566245;17.000000
1.453538;10.000000
1.531217;11.000000
1.527509;20.000000
1.600063;8.000000
1.544941;19.000000
1.466486;28.000000
1.512427;18.000000
1.552448;16.000000
1.559292;9.000000
1.468836;11.000000
1.521024;4.000000
1.435667;14.000000
1.582358;12.000000
1.566139;8.000000
1.505613;20.000000
1.598540;1.000000
1.534649;3.000000
1.557254;9.000000
1.607332;8.000000
1.538536;53.000000
1.361662;13.000000
1.514294;38.000000
1.636763;39.000000
1.371193;9.000000
1.465757;52.000000
1.533428;15.000000
1.617131;4.000000
1.451713;14.000000
1.459904;3.000000
1.430819;14.000000
1.515582;5.000000
1.734124;11.000000
1.447614;20.000000
1.381109;11.000000
1.509376;10.000000
