382808.248716;4131385.000000
381892.077453;4122751.000000
381801.778963;4114007.000000
379829.286383;4105260.000000
378861.513592;4096462.000000
377505.273697;4087573.000000
377922.614714;4079120.000000
379156.219143;4071065.000000
378360.400029;4062869.000000
374207.216391;4054353.000000
374579.637247;4045610.000000
375471.219422;4037017.000000
374679.127345;4028001.000000
372663.395458;4019306.000000
370599.445299;4010499.000000
372561.474852;4002271.000000
369702.459510;3993697.000000
369071.137282;3984813.000000
368969.863846;3976490.000000
367844.734256;3968103.000000
367201.750343;3959820.000000
365817.957123;3951350.000000
365043.775708;3942747.000000
365789.471168;3933979.000000
363819.811428;3925173.000000
364114.472025;3916435.000000
363025.451369;3907737.000000
360904.831762;3898812.000000
361970.459743;3890425.000000
361209.327552;3882037.000000
356989.631446;3873129.000000
356554.196597;3863969.000000
356486.837210;3855439.000000
357172.742481;3846710.000000
354615.359144;3837464.000000
356016.796238;3829177.000000
354442.758136;3820539.000000
355243.276260;3812789.000000
354684.037075;3804359.000000
352657.950359;3795690.000000
349860.298459;3786711.000000
349931.572784;3778048.000000
350120.512210;3769602.000000
348086.945882;3760698.000000
347072.919294;3751711.000000
349245.765863;3743352.000000
346704.611593;3734677.000000
343954.801874;3725814.000000
344707.808993;3716880.000000
342608.400896;3708714.000000
342810.925261;3700163.000000
341472.430903;3691302.000000
339962.638722;3682650.000000
339720.625890;3673956.000000
338909.961099;3665289.000000
338375.055160;3656688.000000
337961.117925;3647993.000000
338618.382574;3639032.000000
335514.161653;3630586.000000
335746.992048;3621918.000000
335203.905901;3613428.000000
333786.691197;3605068.000000
333325.116540;3596664.000000
332633.218559;3587818.000000
330871.042440;3579070.000000
331486.496212;3570136.000000
329485.358129;3561251.000000
330603.299911;3552821.000000
329858.006820;3543834.000000
327256.688138;3534934.000000
327297.906771;3526590.000000
326587.074231;3518076.000000
325166.948653;3508832.000000
323424.955841;3500273.000000
323503.894466;3491568.000000
323422.279115;3482473.000000
322103.101137;3473613.000000
319844.667364;3464584.000000
319593.690370;3456010.000000
320634.030012;3447295.000000
318617.265236;3439027.000000
318426.568628;3430214.000000
318112.104623;3421615.000000
315813.068737;3412590.000000
316071.532855;3403856.000000
316508.446850;3395764.000000
314206.274473;3387450.000000
311903.855065;3378652.000000
312378.054893;3370474.000000
313321.852057;3362622.000000
310758.234299;3354228.000000
308627.208247;3345636.000000
308350.413158;3337103.000000
308701.895129;3328245.000000
307554.119102;3319163.000000
308674.106391;3310786.000000
306665.252558;3302218.000000
304194.238084;3293759.000000
303007.933301;3284615.000000
303956.791348;3276236.000000
