312002.616174;3270711.000000
311747.947292;3265635.000000
312550.262261;3260698.000000
311116.315894;3255510.000000
308766.123310;3250357.000000
310236.271320;3245130.000000
309316.799206;3240258.000000
308330.835932;3235212.000000
310045.589998;3230429.000000
308190.241159;3225503.000000
308622.078470;3220302.000000
306223.775498;3215551.000000
306871.636325;3210644.000000
307083.279740;3205333.000000
306017.784615;3200294.000000
304967.983395;3194773.000000
304877.853968;3189535.000000
303490.126229;3184390.000000
302280.013046;3178618.000000
302541.739980;3172937.000000
301555.485658;3167612.000000
301730.874627;3162489.000000
301921.853201;3157441.000000
302299.341110;3152526.000000
301137.745397;3147509.000000
301604.189020;3142915.000000
299864.408676;3137798.000000
299416.903248;3132440.000000
298766.143937;3127639.000000
296910.715481;3122274.000000
297494.676645;3117091.000000
297120.142724;3112074.000000
297005.098493;3106799.000000
295991.784868;3101586.000000
294465.283881;3096176.000000
295111.101747;3090675.000000
294212.136201;3085179.000000
294991.948916;3079872.000000
295135.334026;3074821.000000
291861.175521;3069607.000000
292886.582802;3064336.000000
291106.415740;3058401.000000
291296.100350;3053456.000000
292793.853187;3048420.000000
290634.508851;3043363.000000
290306.731764;3038013.000000
290360.325941;3032736.000000
288852.713162;3027647.000000
287391.838160;3022497.000000
288367.282840;3017639.000000
285972.487766;3012206.000000
287705.950743;3007250.000000
286217.694110;3001970.000000
286358.540139;2996902.000000
285257.015199;2992022.000000
285506.616266;2986821.000000
285387.965984;2981594.000000
284506.235929;2976403.000000
282786.749589;2970857.000000
282664.871803;2965918.000000
282222.980067;2960838.000000
280932.762925;2955673.000000
282021.856755;2950126.000000
280595.655895;2944892.000000
279413.120796;2939099.000000
280516.804306;2933933.000000
280149.593143;2928516.000000
278583.348339;2922775.000000
279579.029321;2917462.000000
277623.236233;2912000.000000
277091.744338;2906889.000000
276462.734993;2901370.000000
275843.007109;2896619.000000
277237.319098;2892157.000000
277151.786737;2886744.000000
274489.475928;2881279.000000
274493.754188;2876049.000000
274425.242663;2870833.000000
273170.342504;2865625.000000
272765.778397;2860618.000000
275302.671039;2855953.000000
271917.183599;2851085.000000
271885.594780;2846245.000000
272328.826198;2841731.000000
271241.614319;2837135.000000
269190.105769;2831692.000000
270121.052442;2826424.000000
268761.188317;2821638.000000
268615.074905;2816450.000000
269253.226858;2811608.000000
268231.974726;2806405.000000
267260.211099;2801667.000000
268221.575817;2797001.000000
267208.112187;2791640.000000
265764.461718;2786080.000000
264747.435007;2780606.000000
265615.473360;2775138.000000
264891.985396;2770215.000000
264508.700259;2765137.000000
264122.967181;2759425.000000
