1332849.378884;14465895.000000
1331969.175145;14456726.000000
1333485.306664;14447665.000000
1336104.403291;14438965.000000
1324835.066426;14429525.000000
1326093.195635;14420335.000000
1327783.995886;14411299.000000
1325458.978935;14402419.000000
1326422.601881;14393140.000000
1326909.450740;14384070.000000
1325360.721688;14375277.000000
1323059.872421;14366142.000000
1326559.447838;14357243.000000
1329165.122978;14348281.000000
1325784.388861;14339182.000000
1322346.666343;14329909.000000
1318079.052487;14320164.000000
1319154.101951;14311233.000000
1319122.687493;14302285.000000
1316355.146216;14293307.000000
1305058.983233;14283554.000000
1309681.830636;14274095.000000
1320757.570990;14264896.000000
1315853.764938;14255748.000000
1320537.805327;14246800.000000
1318785.282087;14237667.000000
1310878.218807;14227939.000000
1308179.817543;14218597.000000
1313553.334531;14209308.000000
1308575.111119;14200610.000000
1304820.986902;14191018.000000
1300733.515290;14181172.000000
1308507.817418;14171931.000000
1306841.426506;14162753.000000
1301752.618205;14153563.000000
1298735.179024;14143873.000000
1300233.657093;14134469.000000
1300670.747942;14125196.000000
1299190.644241;14115716.000000
1303801.785157;14106840.000000
1301689.223131;14097569.000000
1298147.848633;14088611.000000
1296661.046780;14079287.000000
1296096.619731;14069910.000000
1296604.278110;14060709.000000
1289783.793191;14051436.000000
1293497.641631;14042180.000000
1295227.530008;14033481.000000
1294461.717176;14024204.000000
1289038.156182;14014738.000000
1286501.724045;14005669.000000
1288303.391940;13996438.000000
1285847.228000;13987070.000000
1289672.447405;13978076.000000
1285529.162775;13968549.000000
1292181.872497;13959574.000000
1287273.433843;13950406.000000
1286522.288948;13941417.000000
1284984.776084;13932077.000000
1282440.244469;13922972.000000
1280513.253133;13913057.000000
1287338.467561;13904342.000000
1271953.708058;13895090.000000
1279839.839687;13885804.000000
1273538.467745;13876170.000000
1276609.862168;13866992.000000
1279998.371113;13857929.000000
1278770.992463;13849135.000000
1279552.553398;13839880.000000
1275206.788920;13830356.000000
1272503.066340;13821324.000000
1272848.549789;13812031.000000
1272819.666313;13802832.000000
1273018.003491;13793916.000000
1273152.676129;13784249.000000
1270731.875772;13774998.000000
1267319.700613;13765635.000000
1263504.721366;13756261.000000
1272292.097529;13747289.000000
1265635.821657;13737426.000000
1266766.373930;13728063.000000
1263724.625388;13719083.000000
1261337.160479;13709636.000000
1249237.552690;13699802.000000
1256016.247365;13689917.000000
1259812.326886;13680730.000000
1263655.382186;13671322.000000
1254915.530006;13661583.000000
1260573.068468;13653060.000000
1257288.539396;13644014.000000
1259717.763448;13634421.000000
1259192.321124;13625328.000000
1249097.578211;13615948.000000
1252431.075371;13606846.000000
1255721.463525;13597397.000000
1250028.334168;13588955.000000
1247396.108593;13579614.000000
1250026.043478;13570573.000000
1246182.817001;13561126.000000
1250938.739648;13551813.000000
