2802537.194233;27498325.000000
2788552.879444;27500085.000000
2803236.144456;27501966.000000
2799297.439203;27503526.000000
2810856.522005;27505450.000000
2784667.829052;27506988.000000
2794578.056123;27509211.000000
2796775.362492;27511459.000000
2798789.971611;27513173.000000
2807671.916813;27515348.000000
2809379.167089;27517264.000000
2804296.516020;27518738.000000
2796516.926015;27520701.000000
2802662.349444;27522689.000000
2806888.883778;27524823.000000
2802543.078522;27526657.000000
2791249.118370;27528165.000000
2801557.175806;27529703.000000
2791604.083016;27531497.000000
2806056.763313;27533816.000000
2794424.031480;27535613.000000
2805184.312711;27537345.000000
2805614.113409;27538903.000000
2798811.197148;27540204.000000
2799697.677286;27542170.000000
2802903.384791;27544522.000000
2795661.207447;27546366.000000
2803747.064735;27548366.000000
2813505.837917;27550372.000000
2809094.993353;27552415.000000
2801148.130585;27554605.000000
2813862.118713;27556503.000000
2797406.500384;27558418.000000
2793517.326940;27559445.000000
2799155.351102;27561268.000000
2789875.581437;27563223.000000
2809721.269053;27565282.000000
2811110.072571;27567059.000000
2817683.762181;27569318.000000
2792926.319232;27570913.000000
2802069.677975;27572374.000000
2786444.734869;27574211.000000
2802360.488733;27575717.000000
2826093.043682;27577445.000000
2802746.734069;27579620.000000
2803701.828723;27581621.000000
2801722.801360;27583735.000000
2793538.666709;27584938.000000
2798957.509660;27586059.000000
2819278.483936;27588455.000000
2804328.702857;27590266.000000
2796887.682324;27591838.000000
2819064.710993;27593529.000000
2817063.462960;27595238.000000
2798257.711698;27596721.000000
2808219.657553;27598453.000000
2807927.077391;27600543.000000
2814664.031988;27602088.000000
2829245.261529;27604511.000000
2806947.551354;27606620.000000
2809957.820723;27607945.000000
2803409.888053;27609765.000000
2802733.727840;27611945.000000
2824872.230503;27614413.000000
2800455.981608;27615664.000000
2803321.317860;27617621.000000
2817501.478083;27619559.000000
2824839.095882;27621788.000000
2816851.504997;27623805.000000
2810176.799845;27625844.000000
2827481.228001;27628066.000000
2817890.119053;27629376.000000
2809659.621739;27630557.000000
2808354.253511;27632410.000000
2804940.048009;27634055.000000
2809912.922479;27635658.000000
2806440.771086;27637432.000000
2810176.475841;27639281.000000
2807630.540151;27640938.000000
2807036.314306;27643003.000000
2814466.315834;27644216.000000
2813001.289170;27646229.000000
2803906.357032;27647714.000000
2818176.391437;27649501.000000
2811528.051477;27651161.000000
2804648.518584;27653013.000000
2825207.973240;27655415.000000
2810986.378231;27657102.000000
2821210.734615;27659412.000000
2811989.957602;27661328.000000
2822088.095069;27663609.000000
2819686.437052;27665930.000000
2824644.108075;27668293.000000
2808263.561891;27670080.000000
2809435.042700;27671921.000000
2821732.825953;27673725.000000
2815357.573266;27675408.000000
2808893.336427;27677449.000000
2812232.902490;27679678.000000
2792991.804122;27680986.000000
