3548075.924334;35955719.000000
3553127.197095;35954574.000000
3536004.739023;35952814.000000
3541043.854468;35950966.000000
3534948.252535;35949278.000000
3542889.881054;35947839.000000
3535651.194868;35946229.000000
3540529.933237;35944611.000000
3538602.358673;35943054.000000
3539191.145026;35941654.000000
3555964.082242;35940041.000000
3539137.397284;35938295.000000
3548737.918023;35936944.000000
3544508.788878;35935363.000000
3553518.150225;35933973.000000
3541845.288476;35932638.000000
3538083.659943;35931615.000000
3553068.077457;35930284.000000
3533697.059314;35928622.000000
3535351.434061;35926930.000000
3540138.003298;35925878.000000
3545394.547121;35924774.000000
3538064.464550;35923643.000000
3557420.965748;35921971.000000
3533466.353675;35919874.000000
3537851.869638;35917928.000000
3519416.216407;35915760.000000
3526078.853617;35913945.000000
3531867.351794;35912249.000000
3549249.190001;35910620.000000
3549841.427867;35909493.000000
3541002.624616;35907791.000000
3564846.236458;35906604.000000
3535351.018406;35905345.000000
3522101.049635;35903859.000000
3536866.073714;35901964.000000
3535054.029992;35900351.000000
3545284.076887;35898739.000000
3541858.973961;35897417.000000
3547613.300075;35896188.000000
3552086.723415;35894661.000000
3557025.326689;35893427.000000
3517092.729861;35891320.000000
3536122.530786;35889392.000000
3525749.632942;35888022.000000
3555645.222036;35886906.000000
3534823.892805;35885177.000000
3535819.095255;35883604.000000
3521875.677569;35881769.000000
3545035.679669;35880100.000000
3535688.194487;35878572.000000
3531114.143783;35876382.000000
3546838.396098;35874950.000000
3549052.598765;35873442.000000
3532195.483501;35871814.000000
3537670.586466;35870293.000000
3538798.279732;35868753.000000
3548109.259728;35867740.000000
3535362.909874;35865805.000000
3527987.257921;35864174.000000
3545304.860967;35863098.000000
3523970.007430;35861138.000000
3535898.640894;35859610.000000
3535312.438754;35857934.000000
3538232.492359;35856246.000000
3544449.028252;35854655.000000
3544104.369584;35853223.000000
3527942.415076;35851834.000000
3528024.063856;35849504.000000
3538119.847246;35847937.000000
3524326.302843;35846159.000000
3536318.811202;35844570.000000
3544980.889966;35843358.000000
3527474.616215;35841425.000000
3532623.282741;35840123.000000
3554865.397872;35838734.000000
3546956.417336;35837534.000000
3519176.403582;35835329.000000
3517640.173487;35833507.000000
3533015.281001;35831846.000000
3538725.656418;35830511.000000
3525297.230827;35828789.000000
3556564.062587;35827859.000000
3532898.535658;35826397.000000
3536611.277861;35825130.000000
3551601.482811;35823581.000000
3520453.359043;35821658.000000
3522466.696848;35820101.000000
3523864.410754;35818504.000000
3531163.233875;35816878.000000
3518907.392724;35814826.000000
3530314.948191;35813289.000000
3538074.022504;35811575.000000
3503611.161715;35810371.000000
3540124.803643;35809014.000000
3520820.787818;35807212.000000
3532283.305584;35805362.000000
3520306.507466;35803820.000000
3524106.706744;35802542.000000
3535954.908435;35801132.000000
