3396036.919330;35509689.000000
3393070.796886;35504861.000000
3413216.775574;35500363.000000
3401379.624557;35495246.000000
3404439.336766;35489832.000000
3388668.598038;35484660.000000
3377593.963471;35479458.000000
3393207.599137;35474363.000000
3392468.700850;35469348.000000
3383093.160657;35464350.000000
3398308.358578;35459253.000000
3389178.993494;35454815.000000
3381293.753031;35449700.000000
3395716.952192;35445152.000000
3394171.454179;35440458.000000
3417284.840060;35436086.000000
3387152.793676;35431089.000000
3407614.675132;35426755.000000
3387617.914908;35421512.000000
3381501.679562;35416647.000000
3395082.858937;35412170.000000
3396812.265619;35407491.000000
3399261.629427;35403033.000000
3398914.768236;35398370.000000
3397397.564581;35393571.000000
3389335.777855;35388634.000000
3396792.406887;35383743.000000
3383416.183853;35379355.000000
3388993.536001;35374850.000000
3375408.517962;35370087.000000
3380263.072723;35365177.000000
3381924.694227;35360375.000000
3378499.447382;35355474.000000
3378841.043834;35350678.000000
3387072.213278;35345853.000000
3361619.585286;35340443.000000
3376766.012530;35335452.000000
3361116.870593;35329996.000000
3394640.653881;35325546.000000
3398941.832743;35320687.000000
3354866.028493;35315630.000000
3395317.583946;35310774.000000
3367874.131678;35305617.000000
3374457.572106;35300552.000000
3377044.875027;35296015.000000
3376545.088274;35290986.000000
3370969.165402;35285806.000000
3382978.215411;35280965.000000
3378842.626757;35275989.000000
3367415.402291;35270583.000000
3371052.397024;35265196.000000
3371453.136279;35260365.000000
3367285.352908;35255573.000000
3374501.863152;35250629.000000
3371462.603382;35245974.000000
3357881.665212;35240971.000000
3360645.383275;35235785.000000
3365567.638914;35231341.000000
3374836.322666;35226532.000000
3375372.792655;35221638.000000
3381383.964567;35216887.000000
3387573.828135;35212268.000000
3374928.559647;35207423.000000
3371186.245511;35202819.000000
3364147.094256;35197775.000000
3375748.290108;35193063.000000
3365721.253669;35188319.000000
3347695.258087;35183035.000000
3345903.140988;35178271.000000
3366151.231617;35173659.000000
3366669.822031;35169078.000000
3362979.818893;35164210.000000
3359576.385116;35159601.000000
3382624.803735;35154916.000000
3362793.426864;35149651.000000
3380129.803026;35145124.000000
3360573.178716;35140713.000000
3346878.730544;35135090.000000
3354542.272058;35130092.000000
3368750.881513;35125159.000000
3354416.102357;35120276.000000
3359213.960308;35115178.000000
3360665.704035;35110223.000000
3358835.449762;35105633.000000
3362245.068527;35100357.000000
3359543.075572;35095658.000000
3366419.070774;35091249.000000
3357411.848441;35086407.000000
3357034.186865;35081554.000000
3357537.280426;35076711.000000
3344638.005040;35071738.000000
3366501.781463;35067117.000000
3358200.467928;35062356.000000
3361995.953384;35057106.000000
3363295.898573;35052787.000000
3351781.700736;35047760.000000
3351592.653168;35042691.000000
3354072.794907;35037535.000000
3342030.448390;35031971.000000
3362236.797664;35027110.000000
