1.181878;21.000000
1.224642;21.000000
1.206362;10.000000
1.194059;10.000000
1.198006;18.000000
1.194826;3.000000
1.219078;5.000000
1.208616;33.000000
1.228058;1.000000
1.227336;17.000000
1.184070;14.000000
1.242595;47.000000
1.244394;7.000000
1.243916;17.000000
1.294853;8.000000
1.255302;13.000000
1.253477;6.000000
1.174191;11.000000
1.243455;18.000000
1.221718;12.000000
1.243824;4.000000
1.215859;8.000000
1.220291;20.000000
1.234726;15.000000
1.248603;10.000000
1.169752;15.000000
1.233247;27.000000
1.252692;36.000000
1.188814;27.000000
1.235737;4.000000
1.213448;2.000000
1.223691;15.000000
1.206782;11.000000
1.211676;42.000000
1.231504;11.000000
1.199973;6.000000
1.220833;6.000000
1.219958;15.000000
1.250428;14.000000
1.273054;21.000000
1.205343;28.000000
1.294899;6.000000
1.225248;12.000000
1.310285;13.000000
1.226205;12.000000
1.233355;9.000000
1.186107;15.000000
1.231632;3.000000
1.270593;23.000000
1.220371;8.000000
1.309207;15.000000
1.238333;2.000000
1.257255;10.000000
1.254271;13.000000
1.253708;4.000000
1.208182;6.000000
1.247428;8.000000
1.272204;17.000000
1.234823;12.000000
1.210189;2.000000
1.218208;20.000000
1.210028;4.000000
1.232595;28.000000
1.221222;17.000000
1.213086;20.000000
1.236276;17.000000
1.202534;5.000000
1.244028;16.000000
1.189436;24.000000
1.255994;12.000000
1.249651;4.000000
1.197581;20.000000
1.261075;10.000000
1.252929;27.000000
1.259319;14.000000
1.276996;13.000000
1.273616;19.000000
1.216863;5.000000
1.229643;5.000000
1.211218;10.000000
1.200960;5.000000
1.233655;7.000000
1.246088;11.000000
1.264445;6.000000
1.244241;12.000000
1.226521;15.000000
1.246117;24.000000
1.224926;14.000000
1.225919;2.000000
1.235269;29.000000
1.226634;11.000000
1.218751;7.000000
1.189556;19.000000
1.220115;33.000000
1.234156;16.000000
1.200771;5.000000
1.188922;3.000000
1.204417;15.000000
1.258386;19.000000
1.208877;11.000000
