3203941.314074;32648286.000000
3191485.003600;32646054.000000
3211346.178391;32643967.000000
3199260.486423;32641766.000000
3182237.943919;32639561.000000
3180256.172802;32637089.000000
3185203.289264;32634438.000000
3200531.876252;32632507.000000
3206912.844376;32630624.000000
3190465.926381;32628272.000000
3207565.426457;32625561.000000
3182395.566427;32623161.000000
3184641.974436;32620588.000000
3199681.467320;32618530.000000
3208309.224621;32616375.000000
3202828.799875;32614475.000000
3200955.254483;32612095.000000
3193215.845811;32610625.000000
3185489.835450;32607710.000000
3180852.789587;32605347.000000
3194651.510226;32603611.000000
3190405.648395;32601274.000000
3186634.109504;32598777.000000
3189356.986035;32596861.000000
3194947.972974;32594371.000000
3191064.701500;32591701.000000
3201724.428140;32589568.000000
3180582.719714;32587332.000000
3196465.114546;32585045.000000
3171165.330080;32582505.000000
3200987.291559;32580824.000000
3188898.557552;32579054.000000
3194523.482660;32576767.000000
3197259.031269;32574949.000000
3200683.389028;32573227.000000
3186444.757846;32570653.000000
3192567.114800;32568515.000000
3184565.093899;32566158.000000
3185753.730788;32563593.000000
3170585.276523;32560609.000000
3192943.885381;32558024.000000
3201492.290221;32556625.000000
3189966.755335;32554433.000000
3198435.862386;32552079.000000
3200804.887167;32549781.000000
3180786.743460;32547590.000000
3189334.734992;32545362.000000
3181648.647451;32542757.000000
3201037.041057;32540713.000000
3163846.638515;32538346.000000
3198430.649260;32535976.000000
3196261.598929;32533825.000000
3171546.138330;32531349.000000
3177362.856628;32529053.000000
3186431.039722;32527025.000000
3209669.166416;32525329.000000
3191627.324854;32523510.000000
3201385.304457;32520983.000000
3182548.524513;32518796.000000
3196128.259686;32517192.000000
3187835.283185;32515076.000000
3184317.448615;32512654.000000
3185046.493750;32510283.000000
3163080.606542;32507823.000000
3194322.161939;32505468.000000
3199433.163219;32503983.000000
3177587.652458;32502103.000000
3199550.000672;32499668.000000
3186682.638755;32497464.000000
3187022.229191;32495460.000000
3187148.324699;32493307.000000
3197950.505272;32491482.000000
3200544.682743;32490195.000000
3162680.063975;32487839.000000
3193470.667002;32486348.000000
3189746.103198;32484292.000000
3185723.125629;32482264.000000
3192354.103829;32479930.000000
3168094.337686;32477396.000000
3182259.968030;32475558.000000
3186774.668964;32473292.000000
3191391.533439;32471370.000000
3184511.074113;32469306.000000
3188129.305065;32466978.000000
3171049.418460;32464685.000000
3164015.754710;32461928.000000
3178580.852033;32459606.000000
3203883.418173;32457711.000000
3186242.471433;32455552.000000
3175358.108910;32453511.000000
3176056.586984;32451443.000000
3174806.017169;32448852.000000
3174735.607898;32446499.000000
3179617.500795;32444439.000000
3181811.669815;32442394.000000
3187902.453298;32440605.000000
3175569.340707;32438301.000000
3188915.487903;32436109.000000
3171672.648223;32433852.000000
3172831.745400;32431826.000000
