1117612.343989;11323504.000000
1114640.225782;11322075.000000
1109271.405016;11320000.000000
1120422.982351;11318348.000000
1120798.626667;11316843.000000
1111881.033522;11314970.000000
1112679.201321;11313577.000000
1113715.399601;11312210.000000
1118047.041728;11310964.000000
1117949.876151;11309551.000000
1113842.315560;11307752.000000
1119339.397655;11305882.000000
1111291.194774;11304448.000000
1115166.285680;11302924.000000
1113273.537562;11301328.000000
1117713.306640;11299644.000000
1114042.144242;11298202.000000
1118028.833982;11296759.000000
1113586.023484;11295270.000000
1110238.101605;11293759.000000
1112369.731324;11292649.000000
1111076.958997;11291099.000000
1113014.043835;11289633.000000
1116975.121716;11288228.000000
1115785.590271;11287272.000000
1105683.968156;11285716.000000
1111528.609555;11284229.000000
1123813.608898;11283583.000000
1113391.324935;11282160.000000
1113772.410455;11280672.000000
1111517.876387;11278848.000000
1114817.829865;11277397.000000
1112749.940532;11275950.000000
1108909.789142;11274095.000000
1110057.678951;11272574.000000
1110248.310141;11271019.000000
1109363.545702;11269795.000000
1111272.819075;11268633.000000
1111885.062787;11266949.000000
1107517.404623;11265239.000000
1114908.138005;11264118.000000
1106702.073412;11262223.000000
1110165.960447;11260484.000000
1111097.821816;11259043.000000
1106887.775254;11257186.000000
1110484.987992;11255656.000000
1110395.117546;11254257.000000
1106536.074221;11252714.000000
1113276.686051;11250809.000000
1114824.896090;11249751.000000
1107549.192165;11248001.000000
1111157.865792;11246469.000000
1107614.497115;11244431.000000
1110018.867760;11243341.000000
1112100.763982;11241976.000000
1114611.746716;11240842.000000
1110994.134689;11239219.000000
1107246.588020;11237493.000000
1108307.725078;11235879.000000
1107283.821586;11234384.000000
1106763.033614;11232907.000000
1111724.922585;11231868.000000
1114804.702808;11230431.000000
1106070.021456;11228456.000000
1112757.881035;11227158.000000
1111565.226600;11225767.000000
1107398.472263;11224366.000000
1109349.276500;11222648.000000
1104174.369810;11220843.000000
1106846.493204;11219437.000000
1112209.002766;11218008.000000
1105864.258830;11216621.000000
1107208.676124;11215108.000000
1109724.850176;11213729.000000
1106112.172921;11212202.000000
1102711.258297;11210217.000000
1108679.987800;11208812.000000
1104098.454953;11206919.000000
1108377.535375;11205674.000000
1106246.745148;11204284.000000
1106379.129015;11202628.000000
1103013.508880;11200655.000000
1103214.622093;11199081.000000
1106403.788248;11197693.000000
1107047.088737;11195864.000000
1103733.205609;11194760.000000
1105801.754914;11193463.000000
1106296.096677;11191732.000000
1096245.376774;11190410.000000
1103966.877883;11188700.000000
1105585.784748;11187190.000000
1107487.545481;11186266.000000
1098781.806841;11184449.000000
1101444.813961;11183396.000000
1103338.966180;11181530.000000
1101004.270897;11180179.000000
1101482.234404;11179012.000000
1108928.211120;11178267.000000
1105460.858372;11176780.000000
1100652.393724;11175399.000000
