3058992.700928;30125904.000000
3056046.267670;30127583.000000
3054005.151015;30128911.000000
3059181.861732;30130501.000000
3068362.418007;30132332.000000
3046453.605593;30133595.000000
3038424.275107;30134762.000000
3050239.926554;30136019.000000
3060193.136085;30137658.000000
3073060.521596;30139230.000000
3057387.178086;30140554.000000
3059661.216235;30141644.000000
3048559.370372;30142862.000000
3049940.162641;30143946.000000
3057947.134706;30145208.000000
3055782.874735;30146430.000000
3056885.371189;30147775.000000
3060475.557982;30149457.000000
3048600.222291;30150168.000000
3046684.703620;30151756.000000
3052554.105805;30153455.000000
3039738.908611;30154957.000000
3054348.443528;30156470.000000
3056254.191055;30158126.000000
3057741.669013;30159836.000000
3047383.606206;30161033.000000
3067264.621901;30162779.000000
3059737.644029;30163954.000000
3048320.118381;30164602.000000
3065431.611333;30166919.000000
3056994.308531;30168488.000000
3053643.429236;30169825.000000
3075681.608877;30171634.000000
3058460.966759;30173145.000000
3053561.190824;30174846.000000
3058884.909147;30176043.000000
3049543.520720;30177639.000000
3064788.814568;30179037.000000
3067308.423704;30180842.000000
3070259.363496;30182521.000000
3052598.390862;30184038.000000
3059972.691056;30186033.000000
3071603.187244;30188056.000000
3071714.449738;30189420.000000
3072703.007335;30191181.000000
3074178.862968;30193037.000000
3054622.448504;30194580.000000
3073295.748294;30196437.000000
3067575.869643;30198095.000000
3060281.616811;30199496.000000
3077441.493425;30201424.000000
3070307.447308;30203133.000000
3072640.942193;30204460.000000
3049209.130538;30205942.000000
3051503.546734;30207463.000000
3071778.475195;30209301.000000
3073242.240381;30210880.000000
3088401.817318;30212673.000000
3049910.999469;30213561.000000
3054754.220552;30215057.000000
3062812.593916;30216486.000000
3066491.101587;30218148.000000
3051569.174596;30219106.000000
3072377.387214;30220594.000000
3059253.821240;30222073.000000
3051717.908866;30222847.000000
3085621.270236;30224934.000000
3088748.706823;30227228.000000
3067738.384445;30228339.000000
3055390.178019;30229399.000000
3048872.227667;30231037.000000
3071121.345325;30232523.000000
3066091.899573;30234132.000000
3057150.104311;30234972.000000
3081272.464409;30236483.000000
3065189.469080;30238141.000000
3069147.212107;30239535.000000
3088151.622102;30241256.000000
3058356.978603;30241962.000000
3063064.562059;30243677.000000
3049291.442456;30245132.000000
3063056.165929;30246475.000000
3084733.287009;30248625.000000
3059233.163973;30249968.000000
3074219.624981;30251454.000000
3068468.493906;30252746.000000
3061368.651760;30253931.000000
3064494.447534;30255472.000000
3066686.313963;30257002.000000
3083201.730866;30258734.000000
3069473.864396;30260394.000000
3076352.747325;30262692.000000
3074641.136132;30263786.000000
3060150.368702;30265618.000000
3086752.764647;30267270.000000
3074407.155347;30268887.000000
3078484.064762;30270632.000000
3068585.845747;30272345.000000
3083922.275556;30273572.000000
3072954.084688;30275352.000000
