1.335738;20.000000
1.385643;20.000000
1.350655;11.000000
1.374219;9.000000
1.436598;48.000000
1.537728;11.000000
1.278787;15.000000
1.404068;18.000000
1.347848;21.000000
1.422964;42.000000
1.457641;40.000000
1.389688;23.000000
1.364432;1.000000
1.410300;14.000000
1.430143;5.000000
1.433721;7.000000
1.406294;10.000000
1.369486;18.000000
1.413765;6.000000
1.391534;27.000000
1.435723;39.000000
1.324736;11.000000
1.365445;13.000000
1.457722;21.000000
1.436835;36.000000
1.365417;11.000000
1.415413;7.000000
1.393419;10.000000
1.317647;16.000000
1.367485;14.000000
1.436896;16.000000
1.366167;10.000000
1.355343;23.000000
1.404902;6.000000
1.392732;15.000000
1.379021;14.000000
1.386550;25.000000
1.385608;26.000000
1.422822;59.000000
1.463992;13.000000
1.415423;6.000000
1.423793;9.000000
1.431060;4.000000
1.369297;14.000000
1.367123;3.000000
1.406996;27.000000
1.324001;12.000000
1.342057;14.000000
1.422696;10.000000
1.394205;15.000000
1.373122;15.000000
1.366307;12.000000
1.407907;15.000000
1.346133;7.000000
1.386865;24.000000
1.371307;15.000000
1.431021;10.000000
1.338129;9.000000
1.419524;7.000000
1.329595;20.000000
1.428674;9.000000
1.405641;17.000000
1.407592;23.000000
1.356301;23.000000
1.358720;4.000000
1.422102;26.000000
1.486552;11.000000
1.396154;20.000000
1.388721;9.000000
1.323336;18.000000
1.372552;22.000000
1.394593;29.000000
1.370348;2.000000
1.336934;17.000000
1.359471;10.000000
1.387873;14.000000
1.374402;9.000000
1.419471;15.000000
1.442929;15.000000
1.447010;26.000000
1.328540;8.000000
1.370129;21.000000
1.337196;10.000000
1.433943;13.000000
1.326581;10.000000
1.547181;17.000000
1.361257;6.000000
1.399599;9.000000
1.383132;10.000000
1.371198;9.000000
1.412039;12.000000
1.366318;15.000000
1.476202;17.000000
1.413388;13.000000
1.409414;13.000000
1.339261;10.000000
1.331928;8.000000
1.390570;16.000000
1.366797;25.000000
1.394215;3.000000
