3301791.934985;31803418.000000
3298555.800108;31807432.000000
3285823.327368;31811163.000000
3291582.258569;31814620.000000
3297018.047564;31818551.000000
3280397.228081;31822159.000000
3283970.003787;31825427.000000
3306715.298082;31829586.000000
3291172.060281;31833406.000000
3306104.367474;31837422.000000
3293160.292563;31841025.000000
3297963.206198;31844865.000000
3298054.276296;31848576.000000
3304259.809389;31852292.000000
3306688.882974;31856284.000000
3302831.249181;31860467.000000
3294263.563299;31863986.000000
3303712.462183;31867883.000000
3291640.844853;31871174.000000
3293385.743172;31874949.000000
3294148.377728;31878608.000000
3291631.107197;31882200.000000
3297223.222948;31885629.000000
3309407.948230;31889194.000000
3276683.729795;31892882.000000
3296027.760606;31895748.000000
3306630.937457;31899183.000000
3306123.032960;31903335.000000
3301784.545202;31907043.000000
3304117.343320;31910697.000000
3307705.626247;31914234.000000
3286532.156370;31917653.000000
3314078.878934;31921400.000000
3312922.864373;31925178.000000
3307542.365952;31929032.000000
3319434.925450;31932408.000000
3312706.003103;31936279.000000
3313348.317736;31940008.000000
3307202.195310;31943966.000000
3311883.108961;31948014.000000
3299997.347350;31951883.000000
3298187.341229;31955136.000000
3307620.924835;31959089.000000
3298607.892193;31962561.000000
3310171.863580;31965686.000000
3329547.547474;31969399.000000
3332108.062509;31974121.000000
3324489.221206;31978320.000000
3327210.590930;31981891.000000
3310852.676667;31985618.000000
3306351.511210;31989004.000000
3311956.833056;31992578.000000
3315485.543047;31996413.000000
3297772.842691;32000525.000000
3310281.746795;32004445.000000
3321255.915084;32008605.000000
3305698.690683;32011842.000000
3307996.713691;32015542.000000
3324931.089049;32019267.000000
3316903.547527;32023006.000000
3310852.258891;32026617.000000
3310677.377593;32030212.000000
3316364.372960;32034102.000000
3315022.252536;32037563.000000
3328006.561530;32041596.000000
3323682.710327;32045904.000000
3318053.838372;32049785.000000
3309118.984505;32053876.000000
3306810.579537;32057565.000000
3315782.508293;32061252.000000
3338261.757503;32065261.000000
3320415.993009;32068760.000000
3327410.972390;32072588.000000
3326724.110743;32076574.000000
3321863.358698;32080530.000000
3327917.241453;32084540.000000
3330563.442389;32088581.000000
3314139.056487;32092271.000000
3321929.612733;32095801.000000
3324442.579703;32099364.000000
3339252.922484;32103053.000000
3327028.254364;32106588.000000
3312642.852477;32110236.000000
3330070.873018;32113491.000000
3324311.541238;32116679.000000
3323276.319256;32120002.000000
3315985.238540;32123285.000000
3330670.644920;32126937.000000
3319091.843574;32130283.000000
3311693.517546;32133737.000000
3318532.028539;32136860.000000
3328031.763305;32140526.000000
3314729.158193;32144016.000000
3320581.300080;32147513.000000
3305499.002202;32151279.000000
3333295.862517;32155119.000000
3315646.528677;32158702.000000
3336723.591323;32162781.000000
3322367.825709;32166331.000000
3346130.154032;32169938.000000
