2968985.133383;27881765.000000
2957708.288392;27888232.000000
2962440.056248;27894435.000000
2969446.956530;27901070.000000
2956790.710701;27907848.000000
2968096.882225;27914110.000000
2963637.988784;27920911.000000
2967608.549004;27927533.000000
2982729.790746;27934645.000000
2979992.040593;27940887.000000
2972756.958289;27947281.000000
2977572.153844;27953371.000000
2962502.397067;27959563.000000
2975487.914841;27965778.000000
2990054.977074;27972465.000000
2985366.529059;27978771.000000
2979161.031553;27985192.000000
2973136.508182;27991439.000000
2981690.372077;27998010.000000
2985456.635716;28005159.000000
3000088.683539;28011711.000000
2970316.154490;28017982.000000
2987252.404327;28024443.000000
2977811.686194;28031328.000000
2987329.688195;28037778.000000
2993980.039081;28044700.000000
2982188.767947;28051136.000000
2966420.357045;28057315.000000
2988026.007138;28063851.000000
2999613.002139;28070539.000000
2996943.070502;28077302.000000
2998214.095399;28084126.000000
2983956.159570;28090647.000000
2997115.646329;28096996.000000
2986704.482159;28103576.000000
2998419.160591;28110377.000000
3002617.426655;28117246.000000
2985776.857557;28123373.000000
2985543.452867;28129893.000000
2980743.777875;28136589.000000
2997074.811686;28143200.000000
2976802.591021;28149285.000000
3026382.309972;28156372.000000
2987261.260621;28163025.000000
3014074.822480;28169404.000000
3005033.678264;28176209.000000
2989812.099348;28182744.000000
3001168.742844;28189009.000000
2996216.675612;28195771.000000
3004235.735391;28202313.000000
3003611.485149;28208599.000000
2997877.911884;28215309.000000
3019803.971585;28222283.000000
3000035.959774;28228781.000000
3007324.972028;28235109.000000
2988099.128238;28241516.000000
3016382.397216;28247800.000000
2999327.198656;28254215.000000
3005697.307447;28260901.000000
3017099.152484;28267348.000000
3002207.561329;28273825.000000
3004373.302499;28279884.000000
3012984.243311;28286582.000000
3004654.860022;28292571.000000
2998995.468189;28298210.000000
3010032.022440;28304340.000000
3015174.397159;28310760.000000
3021635.956186;28317629.000000
3008966.910737;28323929.000000
3015103.512638;28330487.000000
3025336.418509;28337243.000000
3020406.227337;28344237.000000
3026602.594081;28351056.000000
3015610.228958;28357720.000000
3023837.210842;28363939.000000
3014744.241131;28370165.000000
3002762.867546;28376591.000000
3031507.757517;28383486.000000
3016661.454341;28389786.000000
3020174.616633;28396471.000000
3024212.625237;28402950.000000
3033136.419095;28409315.000000
3009763.399962;28415662.000000
3029803.634604;28421948.000000
3023279.377189;28428163.000000
3017480.901945;28434745.000000
3040781.267536;28441582.000000
3035848.035273;28448374.000000
3034473.008792;28455314.000000
3027387.687855;28462008.000000
3018811.093050;28468182.000000
3038658.083642;28475068.000000
3021378.547309;28480990.000000
3028083.750656;28487267.000000
3019316.847145;28494031.000000
3013919.192803;28500331.000000
3034146.916176;28506630.000000
3032266.083038;28513440.000000
3031635.401982;28519783.000000
3027747.816486;28526156.000000
