3215955.147694;32581370.000000
3211849.845397;32580078.000000
3220559.507376;32578569.000000
3219190.509283;32577283.000000
3196836.555292;32575789.000000
3209705.583476;32574046.000000
3202789.867356;32572612.000000
3198471.411747;32571065.000000
3217583.893210;32569438.000000
3217533.789507;32567794.000000
3216936.796427;32566120.000000
3215262.885683;32564927.000000
3216617.352586;32563614.000000
3216772.323432;32562596.000000
3202653.825997;32560832.000000
3217165.161863;32559171.000000
3200173.306486;32557370.000000
3215163.443675;32555362.000000
3221220.922452;32553956.000000
3216997.892995;32552450.000000
3203010.417172;32550798.000000
3214275.785219;32549442.000000
3194826.108190;32547761.000000
3210726.050770;32546348.000000
3218337.644425;32545400.000000
3215898.866852;32543582.000000
3210667.665840;32541750.000000
3211639.145124;32540145.000000
3196684.084189;32538531.000000
3201729.942070;32536781.000000
3187699.097029;32534876.000000
3207826.981465;32533704.000000
3206433.987115;32532716.000000
3204126.308935;32531004.000000
3198389.174241;32529280.000000
3214314.794473;32527783.000000
3214305.014665;32526397.000000
3203680.803019;32525059.000000
3209283.084527;32523257.000000
3205186.308957;32521962.000000
3199882.400452;32520491.000000
3203049.804773;32518615.000000
3220300.314243;32517528.000000
3188146.989795;32515689.000000
3206800.285288;32513860.000000
3195977.981839;32512407.000000
3197256.351907;32510434.000000
3200537.788382;32508381.000000
3195473.635840;32506885.000000
3188476.315327;32505038.000000
3213292.243083;32503977.000000
3198613.246435;32502369.000000
3190390.536801;32500120.000000
3195448.010830;32498549.000000
3217222.016773;32497217.000000
3207977.192465;32495765.000000
3207453.072039;32494339.000000
3217960.433955;32493080.000000
3214879.532916;32491763.000000
3205201.415563;32489837.000000
3190794.186333;32487738.000000
3189375.942550;32486344.000000
3211329.107671;32484892.000000
3200002.105238;32483014.000000
3217291.563131;32481581.000000
3205689.280655;32480497.000000
3203291.931272;32478623.000000
3192393.602202;32476736.000000
3216271.300719;32475400.000000
3198471.389119;32473607.000000
3186539.532422;32472236.000000
3193000.509595;32470171.000000
3187280.921114;32468300.000000
3188372.057495;32466764.000000
3203756.327847;32465283.000000
3185363.748079;32463591.000000
3206709.283623;32462410.000000
3213692.803457;32460792.000000
3198876.101047;32459221.000000
3197312.647743;32457342.000000
3194597.329004;32455975.000000
3199987.103574;32454064.000000
3210192.663517;32453022.000000
3201604.990417;32451539.000000
3202726.575908;32450264.000000
3191865.278588;32449070.000000
3189149.625053;32447411.000000
3212672.410482;32445978.000000
3187671.772316;32444022.000000
3197328.255651;32442182.000000
3200787.526079;32440937.000000
3196476.197858;32439179.000000
3210692.962989;32437746.000000
3196299.319190;32436285.000000
3194027.724297;32434902.000000
3204825.493850;32433872.000000
3207405.908544;32432212.000000
3183727.924565;32430981.000000
3175932.704070;32429218.000000
3189568.774624;32427413.000000
