242514.974308;2215563.000000
243474.636893;2225445.000000
243400.199344;2234826.000000
245583.559871;2244564.000000
246926.226600;2254270.000000
248646.314653;2263395.000000
249704.465139;2273336.000000
250825.229906;2283171.000000
250822.227671;2292615.000000
252310.336395;2302435.000000
253269.827905;2311741.000000
253600.734777;2321546.000000
255892.690625;2331318.000000
255948.896957;2341327.000000
258353.855005;2350997.000000
258601.365922;2360180.000000
260450.275498;2370064.000000
260065.666871;2379357.000000
260685.534454;2389003.000000
262534.454338;2398303.000000
263571.159461;2407998.000000
264594.790099;2417856.000000
266990.736307;2427821.000000
267281.554907;2436778.000000
266354.222026;2446382.000000
269535.773469;2456468.000000
270787.610541;2466317.000000
271361.191298;2475930.000000
272533.365763;2484959.000000
273609.080775;2494441.000000
273279.704200;2503815.000000
273114.683800;2512478.000000
275662.165216;2522295.000000
277642.380586;2531395.000000
278789.607004;2541262.000000
278648.059085;2550542.000000
279671.041204;2559898.000000
281075.694463;2569730.000000
280537.085973;2578834.000000
283709.219473;2588573.000000
284185.076434;2598190.000000
285225.866009;2607501.000000
286597.447761;2617485.000000
288829.773003;2627020.000000
288276.849389;2636767.000000
292104.625448;2647278.000000
289083.460459;2656169.000000
293040.442457;2665868.000000
294145.927291;2676076.000000
295263.350871;2685766.000000
295275.353265;2695391.000000
297161.452831;2705555.000000
297680.081835;2715018.000000
298853.622051;2725200.000000
299292.916239;2734590.000000
301059.737195;2744634.000000
302028.802550;2754000.000000
302246.484753;2763860.000000
304758.839436;2774236.000000
306255.730886;2784785.000000
306758.878525;2794643.000000
306686.901399;2804157.000000
310429.580925;2813914.000000
309137.690443;2823278.000000
309315.149253;2832797.000000
312462.500667;2842623.000000
312252.793043;2852410.000000
313272.456315;2861893.000000
315613.406218;2872023.000000
315921.406657;2881677.000000
317189.697990;2891408.000000
317777.403297;2900979.000000
318870.491429;2910283.000000
318919.195466;2920158.000000
320178.708757;2929137.000000
322990.630614;2939278.000000
323927.071934;2949105.000000
323743.485304;2958707.000000
324172.399866;2968059.000000
327106.260561;2977675.000000
326765.773417;2987052.000000
327705.964122;2996706.000000
329456.488166;3006735.000000
331086.755371;3016548.000000
331113.572232;3025806.000000
331858.471489;3035726.000000
334594.756641;3044997.000000
335722.404256;3054503.000000
335803.783838;3064614.000000
336680.448407;3074329.000000
337620.154001;3084004.000000
338657.411210;3093301.000000
340715.706595;3103152.000000
339000.284076;3112239.000000
343285.254328;3122047.000000
344169.063834;3131978.000000
343594.551877;3141084.000000
344614.077752;3150566.000000
346949.917619;3160048.000000
346212.904566;3170137.000000
