434621.670923;4038940.000000
434997.875799;4046771.000000
434166.916810;4054565.000000
436487.784139;4062193.000000
437591.278960;4069929.000000
435435.928145;4077028.000000
438254.161189;4084309.000000
440442.252922;4092462.000000
440913.168098;4100287.000000
440647.002685;4107727.000000
443518.324760;4115621.000000
443396.234008;4123570.000000
446666.049114;4131055.000000
446157.749808;4138652.000000
446937.780169;4146560.000000
448667.824271;4154524.000000
447794.349756;4162462.000000
448415.710206;4169567.000000
449979.202003;4177082.000000
452486.538205;4184820.000000
451232.715586;4192921.000000
450983.159340;4200467.000000
451226.257993;4208131.000000
451576.153679;4215616.000000
454661.455815;4223261.000000
455439.697574;4230712.000000
452751.634528;4238261.000000
457584.427126;4246012.000000
457597.347254;4253563.000000
458277.530905;4260860.000000
458067.906390;4268192.000000
459198.349324;4276282.000000
461706.481488;4283669.000000
463522.775838;4291736.000000
459759.857129;4299175.000000
461894.608576;4306771.000000
466581.801551;4314529.000000
463316.526165;4322105.000000
467093.900801;4329437.000000
463921.869259;4336905.000000
464676.003767;4344387.000000
466468.715049;4351619.000000
469116.656030;4359185.000000
468067.409605;4366634.000000
470036.565863;4374018.000000
469847.887478;4381255.000000
471854.855563;4389120.000000
474575.332823;4397108.000000
473421.720719;4404675.000000
474853.552819;4412274.000000
474564.833622;4419677.000000
476495.570957;4426932.000000
474581.509117;4434250.000000
476815.215157;4441512.000000
480888.751626;4449928.000000
478838.640507;4458066.000000
478752.791737;4465567.000000
483194.671149;4472989.000000
482782.493323;4480464.000000
482877.838062;4487771.000000
481594.781347;4495033.000000
483958.293722;4502602.000000
485929.378691;4510552.000000
487807.858812;4517691.000000
487267.026520;4525514.000000
488799.449977;4533601.000000
488161.390616;4541507.000000
489771.064218;4549364.000000
490481.452792;4556999.000000
489729.228711;4564715.000000
492532.411776;4572506.000000
491152.550157;4580135.000000
491151.827382;4588004.000000
495736.123424;4595723.000000
494383.274857;4603528.000000
494347.425652;4610763.000000
498196.832551;4618466.000000
498501.889579;4626408.000000
497764.356908;4634299.000000
498973.070460;4642001.000000
498482.781471;4649521.000000
500278.148067;4657087.000000
502301.338530;4664333.000000
503616.722550;4671524.000000
502711.367269;4678565.000000
505092.658738;4686200.000000
505415.443116;4693910.000000
505092.278513;4701677.000000
504603.966087;4709074.000000
509965.326083;4717110.000000
509589.015638;4725304.000000
510945.448937;4732335.000000
511607.583022;4740239.000000
508110.395514;4747752.000000
510378.784986;4755435.000000
512067.868813;4763242.000000
512484.012811;4770910.000000
512605.611409;4778571.000000
514309.027177;4786137.000000
514080.691899;4793564.000000
