3673310.507905;37584900.000000
3653479.954426;37582057.000000
3652012.726623;37579126.000000
3673174.461388;37576074.000000
3678158.821916;37573756.000000
3659117.205819;37570645.000000
3672868.493938;37568399.000000
3653125.451842;37565856.000000
3651970.297386;37563414.000000
3673680.339160;37560837.000000
3667560.915457;37557912.000000
3656819.635733;37554552.000000
3681724.962444;37551723.000000
3661013.906744;37548975.000000
3667639.728186;37546343.000000
3680119.318626;37543353.000000
3670139.247055;37541240.000000
3682852.699998;37539004.000000
3672522.010868;37536105.000000
3671419.317985;37533291.000000
3665805.008621;37530846.000000
3676196.513935;37528488.000000
3665744.556561;37525841.000000
3658657.590221;37523549.000000
3651082.693169;37520926.000000
3667271.354216;37518454.000000
3665439.957449;37515623.000000
3665137.949308;37513169.000000
3668203.012432;37511176.000000
3639069.498836;37508281.000000
3674995.693919;37505481.000000
3658055.738559;37502351.000000
3662493.175583;37499951.000000
3669693.238662;37497656.000000
3654032.991751;37495554.000000
3688211.670341;37493453.000000
3676272.186520;37491224.000000
3674934.839031;37488848.000000
3666500.926397;37486481.000000
3664720.556212;37483926.000000
3650515.676556;37481678.000000
3654122.468657;37478972.000000
3649718.307212;37476054.000000
3667530.831997;37474110.000000
3651086.961164;37471442.000000
3658468.392436;37468569.000000
3673992.201638;37466347.000000
3657634.872282;37463743.000000
3658890.817467;37460959.000000
3658668.860872;37458758.000000
3647156.082584;37456029.000000
3659360.776746;37453036.000000
3657172.746263;37450136.000000
3679052.242385;37448017.000000
3645535.381543;37445403.000000
3653379.398045;37442434.000000
3656922.333383;37439699.000000
3649548.311596;37436967.000000
3660271.254148;37433939.000000
3638550.823664;37430490.000000
3652668.497597;37427836.000000
3662286.685845;37425129.000000
3646756.820732;37422449.000000
3636926.167682;37419318.000000
3660038.981777;37417011.000000
3652453.913287;37414544.000000
3650617.985323;37412273.000000
3640237.435395;37409202.000000
3664348.047797;37406655.000000
3645898.064221;37403931.000000
3666089.847739;37400851.000000
3662531.850800;37398197.000000
3666498.680692;37395593.000000
3664004.597854;37393156.000000
3661098.150829;37391009.000000
3659743.714216;37388647.000000
3637430.104495;37386179.000000
3644532.808287;37383747.000000
3660380.153677;37381053.000000
3642748.505388;37378744.000000
3667229.832088;37376886.000000
3624032.756647;37373715.000000
3636220.963832;37371208.000000
3639443.270809;37369020.000000
3649194.988878;37366353.000000
3616496.650331;37363060.000000
3654908.150025;37360799.000000
3664783.248415;37358560.000000
3647138.124057;37356201.000000
3651916.042186;37353280.000000
3631211.132823;37350374.000000
3633226.669692;37347817.000000
3664471.039256;37345615.000000
3660908.497631;37343132.000000
3646109.621578;37340183.000000
3643612.783721;37337821.000000
3655078.237876;37335357.000000
3633856.613364;37332449.000000
3637532.067087;37329673.000000
3644758.530381;37326800.000000
