1380495.761597;13187817.000000
1383000.458294;13193145.000000
1384037.702044;13197817.000000
1386257.875987;13202808.000000
1385232.247078;13207853.000000
1384285.132874;13212973.000000
1377956.260774;13217318.000000
1389392.882778;13222633.000000
1387821.457972;13227944.000000
1390674.570135;13233210.000000
1389604.861163;13238498.000000
1386005.777981;13243473.000000
1388073.029023;13248219.000000
1390289.671327;13253048.000000
1387299.247515;13257827.000000
1388189.939312;13263490.000000
1393011.847245;13268308.000000
1385931.311466;13272898.000000
1393226.851591;13278025.000000
1391453.802024;13283030.000000
1391816.115401;13288255.000000
1400587.744224;13293558.000000
1395757.732168;13298240.000000
1396490.818449;13303381.000000
1397652.965323;13307942.000000
1395390.974426;13312655.000000
1400463.660321;13317895.000000
1403207.472436;13323747.000000
1393221.988278;13328780.000000
1400602.963833;13333567.000000
1404387.732729;13338600.000000
1397542.324484;13343377.000000
1401228.177149;13348325.000000
1392931.504095;13353078.000000
1406075.505690;13357988.000000
1399366.035904;13362685.000000
1397821.801916;13367654.000000
1397949.728202;13372682.000000
1396721.783627;13377488.000000
1400320.073685;13382065.000000
1408118.989849;13387229.000000
1402338.845305;13391652.000000
1412746.971439;13396642.000000
1405892.372954;13401575.000000
1405655.451758;13406426.000000
1410410.788341;13411431.000000
1412502.157629;13416629.000000
1413874.900343;13422200.000000
1399600.782340;13426955.000000
1405868.268722;13431662.000000
1412937.519483;13436559.000000
1402898.491576;13441608.000000
1411931.616170;13446473.000000
1412720.391546;13451512.000000
1414432.777482;13456575.000000
1403232.970604;13461426.000000
1410362.710798;13466582.000000
1410767.717815;13471154.000000
1411182.614910;13475748.000000
1420409.528859;13481111.000000
1414357.567423;13485787.000000
1414284.657407;13491037.000000
1415905.794661;13496339.000000
1407650.045717;13500805.000000
1418736.869158;13506140.000000
1411678.857470;13510589.000000
1418030.476278;13515481.000000
1420408.203621;13520444.000000
1424277.829049;13525839.000000
1425527.195573;13531416.000000
1420329.761372;13536588.000000
1419992.752019;13541354.000000
1415475.103183;13546151.000000
1420475.556026;13550810.000000
1420363.382826;13556029.000000
1413352.828392;13560552.000000
1412897.387609;13564964.000000
1416900.559901;13569893.000000
1421381.597954;13574749.000000
1414584.939173;13579145.000000
1418630.843956;13583988.000000
1420781.344683;13588515.000000
1426322.994157;13594159.000000
1427871.176885;13599094.000000
1426317.115750;13604845.000000
1428015.908213;13609747.000000
1425044.175312;13614012.000000
1428604.902394;13618769.000000
1429890.084557;13623342.000000
1427111.974617;13628379.000000
1431584.612486;13633572.000000
1424983.591984;13637978.000000
1426956.643404;13642303.000000
1427273.032156;13647235.000000
1431662.238821;13652302.000000
1431929.432447;13656907.000000
1427417.202625;13661678.000000
1434352.216252;13666628.000000
1430983.574424;13672073.000000
1436582.176065;13677406.000000
