1.326815;4.000000
1.388124;12.000000
1.351307;10.000000
1.362213;34.000000
1.427522;15.000000
1.356241;9.000000
1.427599;5.000000
1.373500;13.000000
1.355474;37.000000
1.336016;28.000000
1.442738;21.000000
1.319114;15.000000
1.302386;16.000000
1.405220;15.000000
1.455199;20.000000
1.442800;28.000000
1.456474;13.000000
1.369801;12.000000
1.454320;14.000000
1.456137;11.000000
1.404696;6.000000
1.419727;11.000000
1.349648;15.000000
1.326506;18.000000
1.405617;15.000000
1.383080;36.000000
1.270385;11.000000
1.434492;7.000000
1.437027;23.000000
1.338564;9.000000
1.382587;17.000000
1.531794;25.000000
1.428315;48.000000
1.420978;5.000000
1.369597;4.000000
1.378560;12.000000
1.409642;6.000000
1.477521;35.000000
1.418329;6.000000
1.454085;24.000000
1.403467;10.000000
1.334655;13.000000
1.374889;22.000000
1.375460;4.000000
1.432431;15.000000
1.364073;5.000000
1.430747;8.000000
1.292506;29.000000
1.488133;10.000000
1.407899;28.000000
1.358588;17.000000
1.457124;28.000000
1.393013;36.000000
1.421197;17.000000
1.404102;7.000000
1.386695;50.000000
1.495063;7.000000
1.413516;6.000000
1.391395;9.000000
1.311959;11.000000
1.442575;2.000000
1.387146;14.000000
1.392613;39.000000
1.374835;15.000000
1.429449;17.000000
1.394692;24.000000
1.344718;12.000000
1.352650;10.000000
1.516632;19.000000
1.410015;10.000000
1.425234;19.000000
1.412873;12.000000
1.395236;17.000000
1.490801;5.000000
1.434524;19.000000
1.283963;5.000000
1.419468;32.000000
1.408275;7.000000
1.414585;1.000000
1.402201;38.000000
1.469911;14.000000
1.422871;18.000000
1.446778;20.000000
1.430422;6.000000
1.391756;7.000000
1.329502;42.000000
1.353883;8.000000
1.406389;20.000000
1.379786;22.000000
1.447170;27.000000
1.353276;12.000000
1.392000;15.000000
1.460459;4.000000
1.400473;20.000000
1.459797;26.000000
1.362203;6.000000
1.379333;15.000000
1.394154;14.000000
1.504108;33.000000
1.394842;12.000000
