1.181590;18.000000
1.263482;7.000000
1.214597;11.000000
1.214855;6.000000
1.244975;4.000000
1.236538;5.000000
1.254464;24.000000
1.233621;10.000000
1.212144;4.000000
1.211260;8.000000
1.238375;1.000000
1.226433;12.000000
1.246997;19.000000
1.253796;6.000000
1.210137;25.000000
1.248474;14.000000
1.264430;14.000000
1.198614;11.000000
1.240653;7.000000
1.260054;6.000000
1.210510;9.000000
1.182133;10.000000
1.215757;8.000000
1.277537;12.000000
1.214705;2.000000
1.263513;32.000000
1.242821;9.000000
1.245567;1.000000
1.258881;5.000000
1.232752;8.000000
1.223714;9.000000
1.263478;74.000000
1.249396;15.000000
1.257667;14.000000
1.288392;20.000000
1.219253;4.000000
1.237113;7.000000
1.277727;15.000000
1.244400;14.000000
1.273184;12.000000
1.254346;4.000000
1.247895;40.000000
1.174501;8.000000
1.277026;10.000000
1.179279;10.000000
1.219297;16.000000
1.243470;9.000000
1.244579;9.000000
1.233014;21.000000
1.239295;24.000000
1.264439;14.000000
1.263021;34.000000
1.280339;22.000000
1.230155;8.000000
1.291408;25.000000
1.293566;11.000000
1.249566;70.000000
1.270267;6.000000
1.308892;6.000000
1.256463;16.000000
1.215403;5.000000
1.206818;8.000000
1.286612;1.000000
1.252379;16.000000
1.240379;14.000000
1.260393;13.000000
1.238472;2.000000
1.219197;2.000000
1.226911;11.000000
1.224102;24.000000
1.263126;14.000000
1.221332;22.000000
1.246723;8.000000
1.178739;4.000000
1.322567;22.000000
1.342169;2.000000
1.220568;22.000000
1.225105;25.000000
1.286103;8.000000
1.281478;7.000000
1.299480;12.000000
1.209858;20.000000
1.206963;16.000000
1.241185;16.000000
1.183514;25.000000
1.304313;10.000000
1.227535;12.000000
1.254308;17.000000
1.231885;5.000000
1.219662;24.000000
1.215615;21.000000
1.218043;8.000000
1.292223;19.000000
1.227939;12.000000
1.258765;8.000000
1.260795;18.000000
1.272525;7.000000
1.176566;4.000000
1.217587;7.000000
1.203786;21.000000
