2717648.234477;29121243.000000
2717191.096229;29113617.000000
2734790.631595;29106375.000000
2725051.719854;29098725.000000
2731737.597481;29090946.000000
2704533.015213;29083276.000000
2723540.517963;29075374.000000
2714554.285702;29067573.000000
2712807.911736;29059812.000000
2714833.830465;29052040.000000
2703361.049504;29044158.000000
2700170.810016;29036721.000000
2714019.510286;29029244.000000
2716388.945940;29021776.000000
2711097.122938;29014678.000000
2704402.666986;29006704.000000
2715618.306206;28999408.000000
2717667.288224;28992298.000000
2702545.013566;28985062.000000
2704126.705190;28977300.000000
2718913.866719;28970245.000000
2698096.748948;28962344.000000
2697365.269682;28954305.000000
2696140.153366;28947389.000000
2708044.689857;28939916.000000
2714150.852689;28932431.000000
2704918.238212;28925006.000000
2714769.402547;28917177.000000
2677715.249088;28909377.000000
2692312.926575;28901345.000000
2709159.861018;28893982.000000
2701291.206367;28886284.000000
2686096.081837;28878492.000000
2704697.704861;28870878.000000
2697834.886972;28863464.000000
2706055.209856;28856072.000000
2689211.606379;28848682.000000
2686132.541689;28841336.000000
2698886.594231;28834317.000000
2704803.887732;28827014.000000
2695470.019188;28819716.000000
2693290.563334;28812280.000000
2692215.086767;28804638.000000
2693049.290843;28796999.000000
2704476.514289;28789185.000000
2689469.033610;28781539.000000
2694665.555458;28773946.000000
2691781.309181;28766739.000000
2680728.322209;28759082.000000
2687428.263240;28751447.000000
2687210.701452;28743982.000000
2681853.013000;28736363.000000
2674517.924554;28728025.000000
2665217.390739;28720022.000000
2684965.894687;28712274.000000
2664947.354833;28704344.000000
2685697.953116;28696888.000000
2681288.470161;28689237.000000
2687865.997685;28682059.000000
2686265.550164;28674578.000000
2674107.400210;28666796.000000
2678103.121658;28658731.000000
2683511.464341;28651382.000000
2662573.906158;28643761.000000
2681181.961359;28636111.000000
2671574.282527;28628187.000000
2668582.903792;28620609.000000
2668858.678310;28612280.000000
2680569.577334;28604633.000000
2676303.785868;28597429.000000
2671290.554300;28589982.000000
2684756.866350;28582265.000000
2667722.789760;28574923.000000
2658538.865544;28567061.000000
2674798.219804;28560183.000000
2669941.079383;28552699.000000
2674504.443054;28545522.000000
2655291.235603;28537830.000000
2670312.098894;28529916.000000
2660758.252114;28522294.000000
2661697.161354;28514926.000000
2670445.626949;28507509.000000
2662773.447647;28499956.000000
2675591.914983;28492516.000000
2656799.084450;28484818.000000
2653733.389767;28477004.000000
2655224.890094;28469484.000000
2661142.226070;28461943.000000
2646701.948729;28453859.000000
2647438.255828;28445814.000000
2664643.819614;28437906.000000
2661303.257716;28430146.000000
2659085.159116;28422475.000000
2657824.086099;28414894.000000
2650126.450793;28406988.000000
2661838.225246;28399102.000000
2669712.498294;28391955.000000
2662950.927456;28385035.000000
2648332.583279;28377463.000000
2655504.452063;28369724.000000
