3463992.417820;32786724.000000
3458408.530170;32792648.000000
3454659.942341;32797917.000000
3468029.820582;32803929.000000
3451210.894449;32809778.000000
3445819.926598;32815058.000000
3466324.617741;32820941.000000
3458426.279196;32826997.000000
3467771.464055;32832632.000000
3475780.831344;32838213.000000
3460757.877027;32843632.000000
3470663.074621;32849550.000000
3472664.238027;32855125.000000
3489086.023070;32861358.000000
3485443.118522;32866912.000000
3466445.896073;32872459.000000
3467749.999398;32877859.000000
3485303.730606;32883861.000000
3458700.973336;32889614.000000
3474724.114003;32895378.000000
3477343.975130;32901648.000000
3472262.219261;32907407.000000
3461221.755583;32913161.000000
3478018.380998;32919105.000000
3472773.018925;32924144.000000
3469652.960965;32929636.000000
3475373.341596;32935821.000000
3481199.030465;32941303.000000
3489421.799493;32946849.000000
3491923.894751;32952679.000000
3479399.681458;32957986.000000
3495383.091571;32963901.000000
3478306.069545;32969899.000000
3481128.696011;32976004.000000
3478745.038147;32981470.000000
3488032.868591;32987244.000000
3472215.350097;32992550.000000
3491921.113319;32998426.000000
3463599.266065;33004048.000000
3470595.453215;33009268.000000
3467141.725489;33014452.000000
3487225.964632;33020056.000000
3485970.897761;33025598.000000
3482272.053351;33030761.000000
3494293.358643;33036546.000000
3488831.829791;33041935.000000
3489589.203032;33047804.000000
3508494.933611;33053656.000000
3495713.248031;33059674.000000
3489639.200275;33064936.000000
3498330.964791;33071244.000000
3503276.568204;33076936.000000
3480937.545863;33082755.000000
3500611.263381;33088611.000000
3522155.305784;33094474.000000
3516224.995129;33100172.000000
3509763.447600;33106507.000000
3505318.948123;33111976.000000
3490432.257581;33117866.000000
3490423.982079;33123160.000000
3506876.515204;33129014.000000
3508322.637499;33134497.000000
3492664.586536;33140394.000000
3493983.907729;33145862.000000
3501967.367359;33151225.000000
3504296.530797;33156948.000000
3520545.234761;33163110.000000
3493915.224574;33168557.000000
3512796.490898;33174742.000000
3506102.584548;33180569.000000
3516300.682597;33186740.000000
3498810.700581;33192536.000000
3527306.445989;33198795.000000
3498246.873245;33203628.000000
3522660.048697;33209273.000000
3514956.142068;33215011.000000
3516830.417792;33221125.000000
3493941.000150;33227120.000000
3518742.424361;33232729.000000
3509082.080205;33238116.000000
3514487.779632;33243877.000000
3529735.336538;33249799.000000
3511474.231113;33255396.000000
3513140.071232;33261814.000000
3514628.117980;33267542.000000
3525019.306730;33273668.000000
3505374.768574;33278627.000000
3521475.219044;33284168.000000
3534034.939353;33290226.000000
3514844.256074;33295903.000000
3530711.404291;33301643.000000
3523473.222127;33307136.000000
3524411.866346;33312476.000000
3516894.966685;33318110.000000
3527527.415987;33323546.000000
3509900.805644;33328943.000000
3505725.483699;33334712.000000
3530970.370444;33340770.000000
3526396.539942;33346561.000000
3506833.360876;33352351.000000
