2638262.429593;27005517.000000
2632644.555557;27002975.000000
2650636.387060;27000691.000000
2644053.657903;26998157.000000
2636236.956070;26995692.000000
2618222.653803;26992673.000000
2628912.217167;26989906.000000
2641823.726089;26987707.000000
2640062.728885;26985286.000000
2628703.537975;26982531.000000
2640123.468190;26979969.000000
2630130.258952;26977291.000000
2644393.786497;26974915.000000
2635437.180979;26972328.000000
2633068.371457;26969477.000000
2644763.580935;26966970.000000
2644874.618683;26964947.000000
2630513.845574;26962950.000000
2624274.517037;26959943.000000
2628708.836520;26957021.000000
2635780.233077;26954137.000000
2645809.659860;26952260.000000
2649899.219081;26950056.000000
2641236.442659;26947790.000000
2637717.153653;26945468.000000
2642048.195611;26943081.000000
2634943.647206;26940964.000000
2632415.838811;26938702.000000
2635721.913774;26936340.000000
2631687.913833;26933514.000000
2632259.290921;26931245.000000
2625821.797451;26928576.000000
2634320.789084;26925869.000000
2625879.177360;26923159.000000
2640105.069468;26920894.000000
2629469.691326;26918613.000000
2629733.697209;26915948.000000
2633425.828049;26912870.000000
2649154.556428;26910697.000000
2643037.440335;26908339.000000
2640129.099887;26905862.000000
2633426.610122;26903106.000000
2627472.778255;26900623.000000
2622949.528200;26898192.000000
2633319.030686;26895310.000000
2624739.601477;26892763.000000
2630312.895820;26890549.000000
2651075.862845;26888740.000000
2629276.943724;26885865.000000
2608161.772858;26883036.000000
2619557.687961;26880296.000000
2641442.789283;26878500.000000
2626161.197939;26876067.000000
2621323.098191;26873595.000000
2627266.815614;26870769.000000
2619971.501918;26867950.000000
2630180.839466;26865499.000000
2646617.692170;26862828.000000
2619243.141060;26859878.000000
2637889.739734;26857402.000000
2630360.044438;26855060.000000
2613475.102601;26852735.000000
2624224.287182;26850376.000000
2633248.708586;26848342.000000
2641340.894519;26845739.000000
2615769.863278;26842774.000000
2633612.279005;26840400.000000
2627076.480089;26837717.000000
2613590.734276;26835153.000000
2622715.161519;26832719.000000
2614462.273017;26829767.000000
2622531.891833;26827507.000000
2633337.922002;26825468.000000
2631014.763376;26823193.000000
2621886.520567;26821029.000000
2616805.871951;26818370.000000
2626949.555087;26816189.000000
2616105.111270;26813327.000000
2622837.741047;26811304.000000
2623889.117990;26809158.000000
2607685.073658;26806555.000000
2620863.760079;26803979.000000
2617070.289000;26801276.000000
2630005.837381;26798827.000000
2609495.303462;26796331.000000
2617735.840976;26793529.000000
2629044.887479;26791081.000000
2615227.116990;26788849.000000
2622110.368499;26786599.000000
2620711.109781;26783825.000000
2613664.564330;26781299.000000
2616271.693722;26779093.000000
2612975.149926;26776472.000000
2617029.300590;26773732.000000
2609670.404604;26770889.000000
2608061.316693;26768208.000000
2624258.381272;26765390.000000
2623757.598062;26762942.000000
2624084.518284;26760219.000000
2608468.111218;26757648.000000
