2005872.085176;21487019.000000
1998834.008394;21479047.000000
2013981.100731;21471607.000000
2002107.110330;21463886.000000
1996446.569534;21456058.000000
1998778.585407;21448112.000000
2001708.561388;21440574.000000
2006035.749667;21433049.000000
1995082.541306;21425229.000000
2001082.253622;21417738.000000
1994317.289712;21409909.000000
1994291.826638;21402299.000000
1996589.675019;21393939.000000
1991517.572196;21386113.000000
1997000.708939;21378455.000000
2000697.664417;21370581.000000
1996110.471101;21362831.000000
1996904.157222;21355134.000000
1999411.048168;21347865.000000
1982824.929726;21339295.000000
1989217.941774;21331321.000000
1985759.334431;21323142.000000
1989416.063198;21315224.000000
1989748.156605;21307796.000000
1988114.228965;21299581.000000
1988243.565772;21291802.000000
1989822.900410;21284207.000000
1978993.187155;21276446.000000
1975195.649437;21268220.000000
1988916.844605;21260517.000000
1982910.517504;21253018.000000
1971900.028121;21244940.000000
1983315.553605;21237021.000000
1965944.390555;21229333.000000
1975505.184946;21221679.000000
1971773.603824;21213765.000000
1975252.469740;21205800.000000
1975382.377989;21198037.000000
1975158.531862;21190379.000000
1974549.094459;21182209.000000
1975770.602270;21174176.000000
1977564.818214;21166775.000000
1967770.732430;21158975.000000
1982990.627912;21151659.000000
1968190.683573;21143576.000000
1963533.746282;21135091.000000
1966270.281016;21127520.000000
1970401.398158;21119345.000000
1975980.108421;21111835.000000
1980157.026734;21104588.000000
1970331.695230;21096668.000000
1963709.572112;21088677.000000
1973679.358936;21081342.000000
1965094.744265;21073810.000000
1963464.630972;21065829.000000
1963098.225133;21058224.000000
1967758.581932;21050523.000000
1963913.997554;21043074.000000
1961814.540469;21035422.000000
1969315.787228;21027932.000000
1955372.939834;21019577.000000
1960926.892669;21011443.000000
1958595.227934;21003832.000000
1964608.974264;20996433.000000
1957606.691032;20988053.000000
1956656.036810;20980398.000000
1949416.449458;20972394.000000
1954941.900178;20964122.000000
1953371.988219;20956059.000000
1955995.889594;20947965.000000
1955910.343190;20940663.000000
1954809.721721;20932658.000000
1962801.359485;20925248.000000
1951162.214988;20917350.000000
1948858.706329;20909382.000000
1949505.808055;20901788.000000
1946166.520990;20894183.000000
1948209.339934;20886590.000000
1940788.969176;20878736.000000
1940673.870653;20870353.000000
1948782.434881;20862412.000000
1933598.506662;20854221.000000
1951168.081378;20846364.000000
1939558.378671;20838527.000000
1941503.786205;20831066.000000
1938964.956011;20823223.000000
1953703.543783;20815640.000000
1937009.756186;20807454.000000
1948894.909624;20799883.000000
1949630.797023;20792134.000000
1938817.872110;20784583.000000
1951314.200845;20777186.000000
1947761.533007;20769464.000000
1931121.389032;20761593.000000
1927961.015690;20753672.000000
1946963.895553;20746112.000000
1933133.914114;20737624.000000
1942189.942233;20730017.000000
1938839.070866;20721804.000000
1924533.627197;20713964.000000
