1.311186;13.000000
1.347227;4.000000
1.323734;6.000000
1.274604;8.000000
1.482126;19.000000
1.216227;4.000000
1.293506;11.000000
1.284712;24.000000
1.366135;8.000000
1.367062;11.000000
1.309365;21.000000
1.305055;19.000000
1.288823;8.000000
1.394938;19.000000
1.337456;9.000000
1.345628;16.000000
1.342421;26.000000
1.250041;6.000000
1.308683;12.000000
1.442404;12.000000
1.334073;7.000000
1.335557;5.000000
1.343528;20.000000
1.319967;10.000000
1.287582;15.000000
1.301222;9.000000
1.350641;14.000000
1.340574;12.000000
1.322672;18.000000
1.308968;26.000000
1.334033;4.000000
1.308287;16.000000
1.339394;12.000000
1.304155;13.000000
1.296674;14.000000
1.359687;20.000000
1.328569;5.000000
1.272224;18.000000
1.393680;3.000000
1.393935;9.000000
1.346416;30.000000
1.384403;28.000000
1.283235;14.000000
1.372281;9.000000
1.291373;11.000000
1.336216;11.000000
1.282550;27.000000
1.337150;3.000000
1.366754;29.000000
1.272935;6.000000
1.306266;13.000000
1.339631;18.000000
1.347853;4.000000
1.403640;8.000000
1.331788;38.000000
1.322868;8.000000
1.298102;12.000000
1.353209;7.000000
1.333018;4.000000
1.333303;5.000000
1.327084;14.000000
1.365743;4.000000
1.254303;6.000000
1.360194;12.000000
1.399253;16.000000
1.405523;14.000000
1.301947;17.000000
1.319562;15.000000
1.305507;12.000000
1.294919;24.000000
1.424405;25.000000
1.294068;25.000000
1.446958;23.000000
1.333343;10.000000
1.322201;12.000000
1.342349;5.000000
1.379290;17.000000
1.371346;14.000000
1.294616;28.000000
1.392511;26.000000
1.326541;4.000000
1.409790;13.000000
1.309087;19.000000
1.348626;23.000000
1.351291;8.000000
1.295197;19.000000
1.321751;6.000000
1.322044;7.000000
1.327873;1.000000
1.368272;20.000000
1.388241;18.000000
1.349293;11.000000
1.394974;6.000000
1.372041;13.000000
1.378704;6.000000
1.237842;10.000000
1.359995;18.000000
1.329245;2.000000
1.350740;3.000000
1.324444;38.000000
