1.258713;10.000000
1.275177;2.000000
1.287062;11.000000
1.265367;9.000000
1.295388;16.000000
1.264990;2.000000
1.329437;20.000000
1.286284;18.000000
1.304938;14.000000
1.264134;14.000000
1.326738;8.000000
1.242175;7.000000
1.207949;36.000000
1.366510;10.000000
1.302632;17.000000
1.376190;2.000000
1.356422;5.000000
1.300980;19.000000
1.278866;11.000000
1.331480;34.000000
1.320483;6.000000
1.320335;42.000000
1.280939;14.000000
1.243036;6.000000
1.311586;12.000000
1.262937;19.000000
1.173797;42.000000
1.299648;22.000000
1.391786;20.000000
1.294997;24.000000
1.246637;17.000000
1.255628;16.000000
1.386231;5.000000
1.221236;5.000000
1.302245;18.000000
1.287582;9.000000
1.267367;13.000000
1.345705;31.000000
1.345230;6.000000
1.314029;14.000000
1.249612;7.000000
1.258028;13.000000
1.250240;21.000000
1.286875;26.000000
1.275348;2.000000
1.284932;27.000000
1.269331;7.000000
1.302137;9.000000
1.231401;13.000000
1.252341;34.000000
1.352484;22.000000
1.302731;38.000000
1.253931;24.000000
1.305877;13.000000
1.292231;20.000000
1.307442;3.000000
1.231861;10.000000
1.265194;14.000000
1.303418;7.000000
1.370316;10.000000
1.254986;6.000000
1.342091;4.000000
1.258116;6.000000
1.192187;16.000000
1.341347;13.000000
1.287402;18.000000
1.282809;8.000000
1.311751;19.000000
1.325780;20.000000
1.282841;15.000000
1.248534;12.000000
1.356310;6.000000
1.393473;43.000000
1.310857;26.000000
1.326270;23.000000
1.272736;14.000000
1.386351;17.000000
1.334452;17.000000
1.305984;22.000000
1.248450;6.000000
1.269527;13.000000
1.290083;8.000000
1.291231;11.000000
1.253245;15.000000
1.308413;4.000000
1.265329;19.000000
1.245210;10.000000
1.340855;24.000000
1.272910;7.000000
1.255388;7.000000
1.271477;12.000000
1.350919;11.000000
1.250192;7.000000
1.325168;10.000000
1.334311;5.000000
1.364545;5.000000
1.251726;8.000000
1.269080;13.000000
1.292292;13.000000
1.289987;24.000000
