1570059.261558;16586607.000000
1567175.410686;16580484.000000
1574122.774740;16574559.000000
1570626.437795;16568595.000000
1560110.246528;16562415.000000
1571174.859556;16556307.000000
1556440.963984;16549866.000000
1573285.051845;16544016.000000
1566111.319901;16537970.000000
1565787.457527;16532168.000000
1565606.779749;16525891.000000
1567131.466802;16520148.000000
1565295.488827;16513819.000000
1562113.515961;16507605.000000
1570606.628840;16502072.000000
1560182.266088;16496311.000000
1564038.283186;16489897.000000
1568380.143624;16484369.000000
1553489.394153;16477909.000000
1551910.669154;16471267.000000
1558303.306859;16465111.000000
1554132.100978;16458768.000000
1556695.389803;16453023.000000
1560993.902146;16447313.000000
1566139.183840;16441262.000000
1547662.267771;16435222.000000
1548966.662790;16428754.000000
1561943.014322;16422950.000000
1556885.651973;16416879.000000
1557623.945288;16411119.000000
1551070.742406;16405043.000000
1549191.112392;16399233.000000
1550902.835930;16393117.000000
1541789.417492;16386899.000000
1553449.491167;16381122.000000
1552268.893867;16375055.000000
1550862.053127;16369128.000000
1550319.927212;16363337.000000
1540144.108046;16356978.000000
1558127.935882;16351167.000000
1546682.709769;16345292.000000
1545541.650199;16339018.000000
1547565.171927;16332737.000000
1545216.081591;16326799.000000
1552518.748390;16320738.000000
1545709.103387;16314779.000000
1552238.279701;16308543.000000
1545130.894758;16302277.000000
1544127.281760;16296040.000000
1544996.725908;16289802.000000
1545356.990312;16284085.000000
1541416.370540;16278399.000000
1547177.398646;16272572.000000
1543167.066213;16266222.000000
1543014.224855;16260365.000000
1539642.944500;16254217.000000
1538406.079673;16248353.000000
1549754.928346;16242850.000000
1541524.407138;16237305.000000
1542638.600079;16231557.000000
1524007.443157;16225034.000000
1529810.071387;16218802.000000
1537899.647054;16213245.000000
1532947.891622;16207143.000000
1531105.194699;16200686.000000
1538815.025497;16195082.000000
1527464.535604;16189216.000000
1530952.240924;16183048.000000
1541739.302362;16177468.000000
1534503.002134;16171511.000000
1531603.229652;16165427.000000
1539504.861728;16159104.000000
1532031.243592;16153507.000000
1526416.217824;16147738.000000
1528408.367105;16141719.000000
1526566.371281;16135710.000000
1521342.809221;16129460.000000
1528430.404550;16123587.000000
1532556.879402;16117675.000000
1532987.817321;16111720.000000
1529757.429639;16105462.000000
1528680.420814;16099226.000000
1530512.559557;16093458.000000
1531405.826072;16088011.000000
1521878.464928;16082259.000000
1527275.726874;16076588.000000
1525589.183645;16070729.000000
1517912.783545;16064473.000000
1521901.591778;16058318.000000
1525058.897851;16052627.000000
1529245.105125;16046865.000000
1519288.696731;16041267.000000
1519348.387506;16035347.000000
1517550.931715;16029309.000000
1515672.682646;16023178.000000
1521294.950316;16017646.000000
1520037.071074;16012302.000000
1516568.853799;16006480.000000
1508465.290345;16000496.000000
1511752.237658;15994438.000000
