1.189744;21.000000
1.247828;4.000000
1.222014;27.000000
1.232214;25.000000
1.250199;14.000000
1.272580;7.000000
1.248223;4.000000
1.219027;8.000000
1.248810;9.000000
1.237120;7.000000
1.214026;8.000000
1.278765;10.000000
1.260865;9.000000
1.245625;2.000000
1.214431;7.000000
1.222336;10.000000
1.266318;13.000000
1.216253;17.000000
1.301211;13.000000
1.306891;23.000000
1.236851;16.000000
1.252637;13.000000
1.281217;10.000000
1.208876;15.000000
1.242276;7.000000
1.205335;38.000000
1.189104;4.000000
1.208018;8.000000
1.225275;8.000000
1.236677;16.000000
1.301939;11.000000
1.211849;20.000000
1.215905;26.000000
1.328432;4.000000
1.249469;5.000000
1.212194;48.000000
1.255036;8.000000
1.230826;8.000000
1.312855;21.000000
1.184807;4.000000
1.246559;6.000000
1.222489;3.000000
1.298963;25.000000
1.233965;8.000000
1.256043;9.000000
1.211075;20.000000
1.216545;20.000000
1.258905;29.000000
1.260597;5.000000
1.244198;8.000000
1.223442;7.000000
1.266734;26.000000
1.227179;18.000000
1.299704;13.000000
1.251969;12.000000
1.242362;8.000000
1.216227;22.000000
1.260396;23.000000
1.210031;14.000000
1.234998;36.000000
1.175451;20.000000
1.272191;21.000000
1.264796;16.000000
1.240029;10.000000
1.242071;17.000000
1.303772;13.000000
1.181394;23.000000
1.215536;7.000000
1.259078;6.000000
1.186983;10.000000
1.260188;11.000000
1.237121;3.000000
1.178039;7.000000
1.270155;9.000000
1.250846;13.000000
1.235473;18.000000
1.246354;16.000000
1.227113;11.000000
1.248655;10.000000
1.280431;17.000000
1.252862;13.000000
1.247107;13.000000
1.226568;8.000000
1.210312;8.000000
1.327569;9.000000
1.234624;9.000000
1.316574;9.000000
1.225987;14.000000
1.221193;10.000000
1.234095;4.000000
1.233886;4.000000
1.200370;13.000000
1.243542;7.000000
1.232919;7.000000
1.198194;21.000000
1.181885;4.000000
1.273734;28.000000
1.210652;20.000000
1.206217;14.000000
1.236873;12.000000
