1.089208;15.000000
1.172431;15.000000
1.136085;16.000000
1.199334;33.000000
1.187632;19.000000
1.149678;10.000000
1.167286;4.000000
1.172988;5.000000
1.169075;13.000000
1.137723;14.000000
1.175034;21.000000
1.151702;11.000000
1.145491;7.000000
1.162919;11.000000
1.162224;9.000000
1.156911;21.000000
1.096700;7.000000
1.161449;8.000000
1.152883;9.000000
1.172414;5.000000
1.205538;9.000000
1.197806;14.000000
1.171637;5.000000
1.139704;5.000000
1.148398;2.000000
1.151548;28.000000
1.063553;31.000000
1.155249;16.000000
1.124473;15.000000
1.166086;12.000000
1.115235;7.000000
1.148538;3.000000
1.131945;3.000000
1.177012;9.000000
1.186972;11.000000
1.146269;16.000000
1.195067;10.000000
1.112822;18.000000
1.194914;19.000000
1.162849;13.000000
1.165497;11.000000
1.117623;19.000000
1.164091;12.000000
1.140996;12.000000
1.213531;11.000000
1.171877;6.000000
1.134713;6.000000
1.175908;14.000000
1.146453;14.000000
1.121818;19.000000
1.151935;6.000000
1.142994;10.000000
1.143887;10.000000
1.106350;15.000000
1.137588;9.000000
1.137766;17.000000
1.177862;16.000000
1.160612;19.000000
1.158425;7.000000
1.130640;6.000000
1.182161;7.000000
1.153901;10.000000
1.134185;51.000000
1.202303;13.000000
1.106929;17.000000
1.073669;5.000000
1.188419;17.000000
1.157775;7.000000
1.133787;8.000000
1.116426;28.000000
1.140926;6.000000
1.126452;9.000000
1.187001;17.000000
1.162513;23.000000
1.106516;8.000000
1.148188;18.000000
1.170036;4.000000
1.108886;6.000000
1.155468;10.000000
1.150125;14.000000
1.144407;7.000000
1.134415;26.000000
1.142534;13.000000
1.174229;7.000000
1.209737;3.000000
1.155841;19.000000
1.123138;11.000000
1.183978;5.000000
1.179457;18.000000
1.167440;11.000000
1.178642;43.000000
1.166560;13.000000
1.155261;12.000000
1.109065;2.000000
1.112750;12.000000
1.147952;2.000000
1.150398;48.000000
1.200212;2.000000
1.190029;23.000000
1.168330;3.000000
