2627107.693140;28360899.000000
2623908.377161;28352270.000000
2617809.121276;28343450.000000
2629473.793349;28334852.000000
2627134.956240;28325794.000000
2614700.218424;28316968.000000
2607070.476161;28307817.000000
2631423.047064;28299420.000000
2613177.001098;28290691.000000
2628683.333382;28282605.000000
2613864.230021;28273918.000000
2613549.368979;28265383.000000
2625675.186773;28256348.000000
2617461.385187;28247678.000000
2604887.098227;28238787.000000
2617838.045996;28230223.000000
2602492.201625;28221033.000000
2612714.798783;28212213.000000
2619457.918207;28203999.000000
2607375.850469;28194885.000000
2601185.750314;28185692.000000
2608229.255857;28177468.000000
2610152.694495;28168938.000000
2609294.648580;28160455.000000
2615814.387259;28151868.000000
2615845.095392;28143030.000000
2610903.525492;28134062.000000
2587921.507621;28125365.000000
2591141.594183;28116321.000000
2604735.497364;28108049.000000
2600205.890097;28099142.000000
2586455.307611;28090159.000000
2591311.584089;28081103.000000
2593441.947764;28071978.000000
2596800.859581;28063045.000000
2585451.753007;28054495.000000
2601310.724224;28046008.000000
2569533.517171;28036744.000000
2585705.383203;28028191.000000
2606073.460688;28019657.000000
2597942.603822;28011048.000000
2597579.225137;28001953.000000
2602792.060078;27993358.000000
2591112.372873;27985026.000000
2589485.530385;27976284.000000
2580595.325564;27967781.000000
2588167.582261;27959125.000000
2581509.739549;27950098.000000
2580388.331702;27941020.000000
2581816.789378;27932268.000000
2589586.776926;27923563.000000
2590364.467348;27915001.000000
2577987.600729;27905995.000000
2597966.826663;27897445.000000
2580751.862132;27888653.000000
2557968.573135;27879234.000000
2589179.638092;27870961.000000
2588684.035101;27862809.000000
2587807.909874;27854283.000000
2570692.838481;27845439.000000
2580182.018284;27837214.000000
2580923.702725;27828265.000000
2570512.814209;27819617.000000
2570687.037983;27810391.000000
2572749.562658;27801395.000000
2581847.507068;27792737.000000
2565620.379348;27783827.000000
2569858.287615;27774955.000000
2564501.876644;27765972.000000
2567630.076963;27757004.000000
2564515.863826;27748547.000000
2569411.366247;27739964.000000
2560092.804614;27731055.000000
2568290.037907;27722333.000000
2559893.588402;27713626.000000
2565427.091132;27705403.000000
2554904.015478;27696734.000000
2553813.561139;27687728.000000
2559235.161141;27678979.000000
2551260.818360;27670221.000000
2568484.550216;27661730.000000
2564085.755356;27653124.000000
2553854.031846;27644115.000000
2541165.083214;27634941.000000
2554025.021209;27626534.000000
2554778.429087;27617878.000000
2554571.807867;27609117.000000
2557183.303498;27600407.000000
2555586.344470;27592136.000000
2561885.284060;27583415.000000
2567297.091973;27574882.000000
2537296.280524;27565775.000000
2548140.078930;27557168.000000
2549808.444593;27548417.000000
2552364.321621;27539770.000000
2546376.008421;27531297.000000
2546638.064008;27522334.000000
2548647.765394;27514181.000000
2551240.825309;27505422.000000
2550983.290842;27496506.000000
