2447627.051910;23092914.000000
2444271.080842;23099160.000000
2445768.646526;23105027.000000
2455394.754626;23111447.000000
2448399.332031;23118081.000000
2440833.384504;23124064.000000
2456189.525742;23130494.000000
2445522.033057;23136347.000000
2446005.580751;23142275.000000
2458037.041944;23148739.000000
2454174.794923;23155034.000000
2451157.014569;23160725.000000
2463910.661597;23167354.000000
2471039.631826;23173985.000000
2462685.277579;23180348.000000
2471001.885279;23186937.000000
2461551.715405;23193302.000000
2465579.651509;23199537.000000
2457970.979357;23205789.000000
2469571.711783;23212330.000000
2460353.211686;23218608.000000
2463119.911806;23225117.000000
2466542.949072;23231344.000000
2463232.813313;23237596.000000
2465559.394491;23243649.000000
2473941.942458;23249965.000000
2465605.706448;23256112.000000
2463596.516013;23262391.000000
2467647.932938;23268719.000000
2483975.782510;23275002.000000
2471607.446804;23281040.000000
2453869.737023;23287041.000000
2484423.445890;23293450.000000
2477869.150695;23299773.000000
2463351.769272;23305885.000000
2480055.793317;23312791.000000
2476535.737202;23319278.000000
2463596.612489;23325148.000000
2469742.611064;23331477.000000
2473673.569212;23337692.000000
2473507.325562;23343693.000000
2459521.904839;23349528.000000
2472981.564974;23355729.000000
2473595.191596;23361775.000000
2472574.928766;23368095.000000
2478786.225011;23374523.000000
2484787.877048;23380794.000000
2483313.932750;23386606.000000
2498128.309984;23393252.000000
2482137.392395;23399222.000000
2482165.880865;23405342.000000
2484072.545389;23411672.000000
2475225.799020;23417711.000000
2497457.304654;23423818.000000
2477150.046950;23430015.000000
2488025.378171;23436380.000000
2486284.723551;23442535.000000
2488670.561454;23448828.000000
2502763.089106;23455020.000000
2495644.449517;23461023.000000
2474253.884454;23466943.000000
2481934.677519;23473472.000000
2495613.393148;23479735.000000
2495164.168409;23485914.000000
2484579.096382;23492667.000000
2482636.741314;23498784.000000
2487740.623414;23505281.000000
2481867.154593;23511178.000000
2505782.968638;23517896.000000
2492447.061756;23524306.000000
2498729.688516;23530246.000000
2497655.960700;23536365.000000
2496854.887888;23542336.000000
2496315.910287;23548222.000000
2495978.090599;23554544.000000
2491387.962652;23560538.000000
2500107.214793;23566916.000000
2495511.456866;23572886.000000
2504451.052036;23579090.000000
2498851.315349;23584959.000000
2494243.608775;23590660.000000
2499303.570175;23596746.000000
2490355.992236;23602444.000000
2502707.999522;23608722.000000
2509167.542128;23615281.000000
2507892.260822;23621500.000000
2495004.112851;23628111.000000
2518795.885818;23634460.000000
2510873.284055;23639916.000000
2519377.536666;23646123.000000
2517609.112681;23652481.000000
2505572.346457;23658763.000000
2501900.749846;23664951.000000
2516655.177997;23671566.000000
2520701.743474;23678109.000000
2515193.428022;23684992.000000
2508672.519463;23691256.000000
2511289.378620;23697409.000000
2516677.170919;23703590.000000
2509082.975437;23709782.000000
