2985886.721248;31757498.000000
2976232.125575;31750431.000000
2995925.249199;31743733.000000
2985608.850497;31736932.000000
2967917.107933;31729883.000000
2982715.769247;31722836.000000
2984583.047801;31716166.000000
2990724.398851;31709994.000000
2974050.734084;31703044.000000
2976818.102535;31696366.000000
2981931.627392;31689322.000000
2973523.479866;31682583.000000
2983650.804389;31675486.000000
2976311.793653;31668740.000000
2982246.235532;31662235.000000
2973218.330281;31655657.000000
2965498.014321;31648214.000000
2982025.075668;31641416.000000
2976087.736489;31634197.000000
2967276.945657;31627497.000000
2979881.539093;31620735.000000
2976237.691751;31614417.000000
2977674.839977;31607203.000000
2966957.618339;31600049.000000
2968664.992774;31592612.000000
2956288.719723;31585516.000000
2971934.710484;31578293.000000
2962875.247917;31571560.000000
2958161.348046;31564511.000000
2964295.810838;31557537.000000
2969283.732371;31551051.000000
2965176.195365;31544281.000000
2943852.768510;31537027.000000
2955979.999235;31530231.000000
2957965.217050;31523256.000000
2973189.502306;31516560.000000
2960459.784691;31509720.000000
2962942.168074;31502544.000000
2965669.950374;31495227.000000
2950549.101744;31488224.000000
2962115.611038;31481382.000000
2968194.534622;31474748.000000
2965672.421044;31468174.000000
2956517.806859;31461015.000000
2959750.556839;31453756.000000
2954328.420090;31446457.000000
2951931.418158;31439243.000000
2955990.617233;31432211.000000
2955834.512602;31425738.000000
2938808.954507;31418785.000000
2961988.580258;31412028.000000
2951861.856337;31405329.000000
2947880.087333;31398259.000000
2944266.005509;31391276.000000
2960842.045831;31384673.000000
2968111.007427;31378330.000000
2942071.872326;31371440.000000
2940825.973449;31364383.000000
2952146.888464;31357549.000000
2942674.358919;31350794.000000
2949259.331569;31344157.000000
2943840.273400;31337591.000000
2940130.813528;31330872.000000
2943685.034276;31324455.000000
2938593.797271;31317160.000000
2949992.141610;31310043.000000
2935309.818107;31303109.000000
2939827.667553;31295802.000000
2925686.319836;31288449.000000
2939023.578495;31281816.000000
2939520.098628;31274818.000000
2946051.756302;31267964.000000
2937726.660413;31261294.000000
2930700.978101;31254153.000000
2932537.354431;31247326.000000
2933324.120548;31240674.000000
2943851.641385;31233770.000000
2937114.544478;31227202.000000
2939483.123210;31220771.000000
2932102.116493;31213809.000000
2947206.386994;31207410.000000
2927871.466341;31200038.000000
2925749.694650;31193077.000000
2923035.993903;31185963.000000
2932607.083105;31179007.000000
2929477.156769;31172199.000000
2922746.183450;31164954.000000
2921945.679206;31157994.000000
2935950.747976;31151874.000000
2919208.859276;31145206.000000
2929151.517429;31138114.000000
2922326.088288;31130804.000000
2912979.378127;31123666.000000
2911532.639510;31116376.000000
2929070.876424;31109425.000000
2927895.729727;31102310.000000
2917736.801198;31095227.000000
2912754.508892;31088137.000000
2922749.810263;31081015.000000
2919431.872125;31074019.000000
