3742107.947541;37431396.000000
3723199.036261;37431106.000000
3748675.077946;37431089.000000
3736269.816288;37430885.000000
3727640.414988;37431006.000000
3743227.845652;37430627.000000
3735868.643419;37430536.000000
3732748.788365;37430520.000000
3748149.206651;37430409.000000
3758738.405416;37430805.000000
3733443.182764;37430623.000000
3745491.972373;37430532.000000
3726169.068416;37430289.000000
3763955.402835;37430766.000000
3744101.813383;37430542.000000
3745516.507081;37430561.000000
3760750.139831;37430849.000000
3751215.500468;37431359.000000
3729527.912188;37431367.000000
3734680.123291;37430902.000000
3744421.563299;37430561.000000
3758182.982227;37430444.000000
3759660.159292;37430945.000000
3746820.607511;37430651.000000
3744581.358452;37430581.000000
3733848.794716;37430499.000000
3755511.247121;37430435.000000
3750309.964935;37430174.000000
3737414.763313;37430345.000000
3712346.019085;37430138.000000
3749561.039318;37429400.000000
3753805.600257;37429537.000000
3748979.450373;37430075.000000
3750243.496865;37429895.000000
3733794.881549;37429935.000000
3746662.135019;37430153.000000
3743264.462940;37430306.000000
3736977.870277;37430270.000000
3722840.806416;37430498.000000
3727819.242973;37430660.000000
3752158.407167;37431222.000000
3749264.885284;37431391.000000
3729707.195214;37431075.000000
3747640.941704;37430810.000000
3724662.757036;37430530.000000
3766656.340468;37430919.000000
3730175.912100;37430371.000000
3726065.760578;37429711.000000
3718550.248365;37429598.000000
3752193.475577;37429742.000000
3740523.764034;37429930.000000
3735598.932589;37429987.000000
3743436.272976;37429698.000000
3734006.860950;37429339.000000
3753354.708471;37429573.000000
3740309.283479;37429241.000000
3750379.675833;37429348.000000
3748892.638746;37429187.000000
3755820.925769;37429386.000000
3744579.102352;37428982.000000
3742590.143599;37428829.000000
3726863.362750;37428859.000000
3733485.776810;37428830.000000
3749363.662104;37429330.000000
3751038.160705;37429240.000000
3749327.382863;37429023.000000
3742172.976556;37428786.000000
3734135.744018;37428400.000000
3759985.709041;37428668.000000
3743979.197403;37428625.000000
3728877.282005;37428940.000000
3743199.317229;37428866.000000
3736738.671965;37428722.000000
3734315.720102;37428474.000000
3718498.570363;37428447.000000
3761222.230171;37428950.000000
3743389.100408;37429247.000000
3731213.295752;37429161.000000
3752762.953774;37429802.000000
3763444.643415;37430435.000000
3722121.438205;37430839.000000
3730342.403536;37430290.000000
3742373.529654;37429808.000000
3733828.171763;37429460.000000
3748767.023896;37429864.000000
3741602.786978;37430069.000000
3737519.441340;37429931.000000
3751017.623705;37430010.000000
3747733.526814;37430196.000000
3741320.822515;37430124.000000
3731236.493096;37429907.000000
3742595.913757;37430163.000000
3757257.266334;37430456.000000
3739371.453553;37431030.000000
3734565.668142;37430756.000000
3749663.305118;37431032.000000
3767779.431597;37431659.000000
3752335.494651;37431556.000000
3755545.624709;37431660.000000
3725686.191059;37431286.000000
