2489703.433875;23714706.000000
2487823.840286;23720104.000000
2493967.212313;23725042.000000
2493733.638033;23730389.000000
2491503.938936;23736104.000000
2489334.588674;23741098.000000
2485669.760600;23746555.000000
2492184.141015;23752095.000000
2509720.162155;23757562.000000
2494562.443199;23762434.000000
2489257.040929;23767218.000000
2499314.107324;23772511.000000
2493253.300684;23777236.000000
2510589.141008;23783158.000000
2506350.243880;23788339.000000
2503821.192262;23794054.000000
2500117.725951;23800008.000000
2514537.384009;23805416.000000
2493364.174155;23810645.000000
2495950.691646;23815671.000000
2502464.991139;23821168.000000
2513439.250439;23826602.000000
2503579.676426;23831987.000000
2504114.999583;23836929.000000
2507543.498932;23841971.000000
2498809.197734;23846435.000000
2503171.431138;23851817.000000
2512718.024063;23857240.000000
2500692.272308;23862543.000000
2509557.878575;23868474.000000
2515351.350293;23874149.000000
2505619.174182;23879566.000000
2513017.542383;23884185.000000
2502555.834112;23889403.000000
2520584.160962;23894516.000000
2531706.678750;23900142.000000
2510711.321353;23905291.000000
2502521.718884;23910294.000000
2507750.649912;23915527.000000
2503375.181273;23920103.000000
2511577.662935;23925264.000000
2509542.808577;23930338.000000
2509209.859129;23935029.000000
2514502.262201;23940436.000000
2516987.344419;23945843.000000
2507170.698252;23950913.000000
2519026.634631;23956431.000000
2521316.214932;23961645.000000
2522157.326186;23966687.000000
2534473.222891;23971630.000000
2524527.115399;23977179.000000
2522834.497457;23982111.000000
2530320.381888;23987384.000000
2515476.594425;23992830.000000
2526398.279171;23998163.000000
2525721.292688;24003509.000000
2526289.142843;24008622.000000
2534406.337361;24013966.000000
2516589.996719;24018993.000000
2538417.393809;24024960.000000
2534775.853273;24030936.000000
2535270.225615;24035848.000000
2522139.488342;24040920.000000
2519332.612810;24046860.000000
2528123.923494;24052364.000000
2529319.930880;24057230.000000
2527713.352796;24062289.000000
2522975.846102;24067047.000000
2534374.234048;24072382.000000
2503665.591287;24077336.000000
2534724.483732;24082348.000000
2529640.513659;24087578.000000
2528126.516467;24092920.000000
2531091.646046;24098425.000000
2540533.938017;24103783.000000
2532920.396595;24109151.000000
2536080.849820;24114376.000000
2530742.687107;24119488.000000
2532694.636612;24124487.000000
2530696.641345;24129398.000000
2529328.874516;24134193.000000
2529139.971480;24138803.000000
2535457.766615;24144120.000000
2549566.932476;24149241.000000
2539461.113635;24154111.000000
2541368.252306;24160093.000000
2543101.056873;24165408.000000
2541070.828916;24170165.000000
2535116.939782;24175768.000000
2537914.754820;24181072.000000
2541461.746139;24186410.000000
2540823.386780;24191798.000000
2547600.037732;24196879.000000
2557078.161922;24202249.000000
2528633.743894;24207229.000000
2545472.818238;24212345.000000
2533370.779101;24217314.000000
2547627.692434;24222229.000000
2550944.010079;24227731.000000
2548141.684980;24232884.000000
