2807318.127009;29772712.000000
2802431.927766;29766154.000000
2808774.701705;29759473.000000
2808800.623034;29752705.000000
2813040.379050;29746827.000000
2817400.250110;29739994.000000
2810751.792912;29733447.000000
2804821.929658;29727174.000000
2792130.176306;29720621.000000
2799013.460057;29713958.000000
2791045.027156;29707425.000000
2810240.590609;29701123.000000
2795687.373252;29694292.000000
2808524.876986;29688185.000000
2815122.492257;29681870.000000
2808396.095403;29675158.000000
2803195.508790;29669114.000000
2802150.896698;29662851.000000
2793345.161459;29656683.000000
2795485.686426;29649605.000000
2787617.554476;29642872.000000
2790319.591830;29636063.000000
2790316.583396;29629160.000000
2787628.584979;29622695.000000
2792685.679608;29616305.000000
2788327.696925;29609647.000000
2790321.148963;29603098.000000
2777114.170436;29596410.000000
2775512.334885;29589774.000000
2800853.649787;29583379.000000
2785846.261045;29576950.000000
2780438.168944;29570328.000000
2784911.964559;29563840.000000
2775986.607520;29557063.000000
2788774.786185;29550760.000000
2785808.454670;29544456.000000
2790641.594597;29538009.000000
2784156.143214;29531699.000000
2791048.508163;29525442.000000
2780937.820950;29518949.000000
2763668.754838;29511865.000000
2765233.107546;29504298.000000
2807188.235836;29498237.000000
2789187.142199;29491948.000000
2777845.524463;29485244.000000
2778028.533055;29478848.000000
2787507.580626;29472023.000000
2781526.695332;29465868.000000
2786824.604803;29459388.000000
2770145.941031;29452460.000000
2775003.650997;29445868.000000
2772452.048052;29439534.000000
2768756.803922;29432811.000000
2779270.089841;29426189.000000
2783437.748216;29420018.000000
2774754.646268;29413894.000000
2781112.880377;29407553.000000
2768013.156788;29401120.000000
2774870.108240;29394891.000000
2770294.508174;29388398.000000
2771278.248614;29381750.000000
2770443.511204;29375902.000000
2779661.408385;29370095.000000
2753768.742266;29363186.000000
2759333.216314;29356314.000000
2769816.896771;29349350.000000
2764989.762097;29342884.000000
2769954.528102;29336651.000000
2769594.507666;29330369.000000
2756234.727186;29323550.000000
2761187.159367;29316541.000000
2769530.701970;29309843.000000
2760724.155249;29303399.000000
2756512.296037;29296663.000000
2765237.037717;29290191.000000
2750167.044415;29283180.000000
2760117.794794;29277055.000000
2762558.206209;29270732.000000
2759074.282371;29263944.000000
2760685.392184;29257269.000000
2764489.934829;29250706.000000
2763243.073134;29243980.000000
2761360.419435;29237505.000000
2757398.256676;29231357.000000
2760096.725533;29225087.000000
2757899.767396;29218658.000000
2756122.634985;29211973.000000
2747783.718213;29205647.000000
2754793.137690;29199175.000000
2752034.660158;29192796.000000
2765979.881865;29186669.000000
2759066.040568;29180514.000000
2764444.792946;29174471.000000
2742904.296850;29167502.000000
2768761.593484;29161268.000000
2765758.526797;29155003.000000
2761175.431003;29148736.000000
2749685.603735;29142149.000000
2746041.450133;29135686.000000
2738571.309979;29129203.000000
