1.232731;8.000000
1.287316;2.000000
1.261388;22.000000
1.254757;22.000000
1.274595;16.000000
1.221204;14.000000
1.228597;5.000000
1.263016;6.000000
1.247789;4.000000
1.240216;19.000000
1.293438;14.000000
1.237642;15.000000
1.242342;10.000000
1.262978;10.000000
1.185774;18.000000
1.239878;20.000000
1.265841;2.000000
1.317944;23.000000
1.264514;4.000000
1.247741;16.000000
1.227798;4.000000
1.286558;18.000000
1.280276;9.000000
1.261944;34.000000
1.269919;1.000000
1.331548;21.000000
1.267869;18.000000
1.179102;11.000000
1.285430;15.000000
1.263260;8.000000
1.283215;33.000000
1.293751;18.000000
1.304656;22.000000
1.242887;7.000000
1.281956;10.000000
1.248635;1.000000
1.254726;12.000000
1.211872;11.000000
1.239843;12.000000
1.332924;19.000000
1.235157;13.000000
1.261484;23.000000
1.248810;9.000000
1.283006;11.000000
1.285445;13.000000
1.271840;20.000000
1.202218;27.000000
1.257425;61.000000
1.309769;22.000000
1.274550;10.000000
1.274994;5.000000
1.235056;17.000000
1.243907;23.000000
1.267535;16.000000
1.215514;13.000000
1.226007;6.000000
1.272901;7.000000
1.260949;8.000000
1.227364;21.000000
1.307066;10.000000
1.282877;35.000000
1.229688;14.000000
1.291215;5.000000
1.302417;17.000000
1.273399;3.000000
1.245690;24.000000
1.355228;4.000000
1.301598;30.000000
1.271964;2.000000
1.260952;3.000000
1.273258;5.000000
1.250778;20.000000
1.266612;44.000000
1.221715;23.000000
1.290222;41.000000
1.286362;14.000000
1.310196;13.000000
1.204215;5.000000
1.260565;5.000000
1.253001;13.000000
1.337407;17.000000
1.210978;45.000000
1.236593;8.000000
1.294106;2.000000
1.321677;3.000000
1.240658;2.000000
1.304528;23.000000
1.306027;6.000000
1.194700;28.000000
1.251999;20.000000
1.241985;1.000000
1.181420;15.000000
1.284772;28.000000
1.287793;5.000000
1.290274;7.000000
1.292702;16.000000
1.254148;18.000000
1.233016;9.000000
1.312070;3.000000
1.283892;2.000000
