2032931.639711;19362106.000000
2021468.658833;19367000.000000
2020467.293773;19371632.000000
2031633.575087;19376482.000000
2036107.945754;19381372.000000
2025800.663999;19386182.000000
2025779.453086;19391092.000000
2022116.166181;19395698.000000
2026541.321872;19400386.000000
2028170.751325;19404717.000000
2040917.140272;19409863.000000
2037782.647604;19414923.000000
2035636.266320;19419925.000000
2028425.391871;19424913.000000
2035443.225855;19429587.000000
2037622.620374;19434656.000000
2031802.221659;19439561.000000
2032166.562987;19443753.000000
2033892.690785;19448621.000000
2033949.617251;19453387.000000
2029533.401680;19457711.000000
2052629.511498;19462813.000000
2031447.797465;19467495.000000
2042496.648727;19472353.000000
2041465.860089;19476827.000000
2040717.008118;19481476.000000
2040700.775902;19486685.000000
2041745.350549;19491761.000000
2040613.836051;19497022.000000
2031478.487185;19501804.000000
2053064.887143;19507099.000000
2050463.981663;19512315.000000
2055259.003220;19517224.000000
2040483.305678;19521870.000000
2038060.675513;19526538.000000
2043430.008675;19531328.000000
2049164.337708;19536918.000000
2044400.869952;19542572.000000
2044629.146946;19547841.000000
2042944.497783;19552419.000000
2045072.586035;19557121.000000
2038477.314000;19561529.000000
2062383.907210;19566312.000000
2051235.362117;19570985.000000
2049562.077333;19575892.000000
2054997.039408;19580410.000000
2060775.958081;19585600.000000
2054541.613867;19590428.000000
2058091.457158;19595523.000000
2062899.310920;19601005.000000
2062148.410286;19605824.000000
2055370.845209;19610318.000000
2056633.157811;19615335.000000
2040208.993437;19619898.000000
2057463.763933;19624618.000000
2052025.508201;19629611.000000
2054788.976851;19634388.000000
2057738.308862;19639238.000000
2063563.346827;19644317.000000
2058916.310591;19649238.000000
2042355.286995;19653585.000000
2056285.936952;19658233.000000
2053957.403750;19662796.000000
2060375.833607;19667217.000000
2069253.639784;19672601.000000
2076622.943775;19678513.000000
2054784.956240;19683578.000000
2071243.482745;19688806.000000
2070570.539397;19694513.000000
2063522.139620;19699845.000000
2063088.758408;19704494.000000
2065452.660045;19709336.000000
2074202.679589;19714445.000000
2060999.966330;19719418.000000
2069256.540785;19724637.000000
2065137.423992;19729670.000000
2071539.938188;19734487.000000
2066864.859537;19739417.000000
2069244.044677;19744511.000000
2071756.081030;19749401.000000
2072612.249777;19754250.000000
2076765.412065;19759763.000000
2059617.942407;19764129.000000
2072315.687903;19769047.000000
2070847.880930;19774087.000000
2080732.224135;19779337.000000
2068190.026569;19784028.000000
2056734.266492;19788762.000000
2071909.560612;19793587.000000
2066063.156380;19798615.000000
2076865.701506;19803630.000000
2069418.498496;19808348.000000
2086781.887777;19813326.000000
2065790.530181;19818099.000000
2077290.565041;19823076.000000
2079558.178930;19828151.000000
2071212.929746;19833350.000000
2074287.835545;19838086.000000
2077729.959587;19842950.000000
2072282.086712;19848004.000000
