1.083979;19.000000
1.155147;16.000000
1.121736;5.000000
1.119955;4.000000
1.126550;15.000000
1.091952;15.000000
1.133613;3.000000
1.141302;14.000000
1.105063;15.000000
1.146481;14.000000
1.099191;6.000000
1.125236;6.000000
1.125933;16.000000
1.146984;8.000000
1.113558;16.000000
1.145308;11.000000
1.129065;5.000000
1.137942;25.000000
1.088068;16.000000
1.173352;7.000000
1.097525;2.000000
1.116942;21.000000
1.151807;11.000000
1.149172;9.000000
1.164616;9.000000
1.123256;17.000000
1.063013;16.000000
1.098962;6.000000
1.094464;6.000000
1.128940;21.000000
1.155198;20.000000
1.128296;6.000000
1.153701;19.000000
1.147363;19.000000
1.131056;5.000000
1.133722;8.000000
1.166148;20.000000
1.154706;16.000000
1.088975;11.000000
1.135661;6.000000
1.150918;4.000000
1.128712;19.000000
1.122630;12.000000
1.100890;6.000000
1.115031;22.000000
1.097743;20.000000
1.118552;2.000000
1.120524;10.000000
1.172985;24.000000
1.137824;15.000000
1.128469;9.000000
1.129414;12.000000
1.136614;12.000000
1.144136;5.000000
1.102459;20.000000
1.136290;1.000000
1.112448;20.000000
1.118067;7.000000
1.125728;12.000000
1.139126;17.000000
1.119300;1.000000
1.178333;8.000000
1.110761;21.000000
1.101307;25.000000
1.139742;5.000000
1.147162;16.000000
1.148465;2.000000
1.097961;5.000000
1.152410;7.000000
1.178863;4.000000
1.159912;6.000000
1.150263;18.000000
1.130466;20.000000
1.146175;24.000000
1.157650;11.000000
1.130066;4.000000
1.144944;1.000000
1.120176;25.000000
1.155110;13.000000
1.133744;7.000000
1.168641;11.000000
1.113481;8.000000
1.129832;16.000000
1.173830;8.000000
1.113369;6.000000
1.111949;14.000000
1.060847;18.000000
1.144929;6.000000
1.157173;19.000000
1.169248;11.000000
1.137646;12.000000
1.148424;20.000000
1.127458;5.000000
1.099717;14.000000
1.107638;5.000000
1.176507;9.000000
1.085960;4.000000
1.146342;21.000000
1.142920;9.000000
1.132608;8.000000
