1.078115;11.000000
1.157418;17.000000
1.109645;15.000000
1.121207;12.000000
1.149132;24.000000
1.123914;3.000000
1.126081;8.000000
1.112120;15.000000
1.072290;16.000000
1.117680;5.000000
1.092211;4.000000
1.107339;3.000000
1.092829;9.000000
1.142724;22.000000
1.107467;24.000000
1.165084;10.000000
1.166184;5.000000
1.151101;10.000000
1.140104;7.000000
1.119963;5.000000
1.108532;6.000000
1.104452;24.000000
1.110380;12.000000
1.117772;14.000000
1.124930;19.000000
1.119450;7.000000
1.144215;15.000000
1.144220;7.000000
1.140361;9.000000
1.118987;20.000000
1.067830;3.000000
1.128591;6.000000
1.102485;12.000000
1.081717;15.000000
1.083625;17.000000
1.126434;4.000000
1.113113;34.000000
1.112256;37.000000
1.125928;7.000000
1.122904;8.000000
1.136674;6.000000
1.120799;5.000000
1.145813;17.000000
1.106435;15.000000
1.139051;16.000000
1.137078;17.000000
1.067076;29.000000
1.085465;4.000000
1.176467;10.000000
1.093697;9.000000
1.127525;13.000000
1.142946;10.000000
1.124536;13.000000
1.093782;12.000000
1.098496;6.000000
1.148566;20.000000
1.125723;15.000000
1.126654;1.000000
1.113024;16.000000
1.115894;6.000000
1.098144;6.000000
1.122816;16.000000
1.135848;12.000000
1.170951;6.000000
1.082981;8.000000
1.143411;6.000000
1.135691;11.000000
1.136889;7.000000
1.140538;3.000000
1.131519;23.000000
1.120046;22.000000
1.093074;14.000000
1.126200;15.000000
1.125042;12.000000
1.109412;17.000000
1.123497;17.000000
1.069376;26.000000
1.125438;11.000000
1.119641;7.000000
1.093240;7.000000
1.127674;25.000000
1.112106;9.000000
1.092028;8.000000
1.086794;12.000000
1.149610;6.000000
1.145323;16.000000
1.117871;3.000000
1.118528;21.000000
1.094991;4.000000
1.160526;14.000000
1.160396;29.000000
1.109666;7.000000
1.130523;5.000000
1.123074;13.000000
1.124448;14.000000
1.116796;22.000000
1.108411;10.000000
1.100448;3.000000
1.099235;4.000000
1.135694;8.000000
