1735204.949805;16907097.000000
1729752.793811;16909856.000000
1735616.258980;16912471.000000
1728087.414187;16915115.000000
1739184.336039;16917602.000000
1739459.288902;16919497.000000
1731694.223872;16921606.000000
1736820.975406;16923788.000000
1740612.509486;16926350.000000
1725598.104262;16928420.000000
1732194.295598;16930625.000000
1734774.091451;16932967.000000
1729525.388642;16935384.000000
1729195.137701;16937685.000000
1747504.937757;16940380.000000
1736616.687574;16942696.000000
1734303.869716;16944926.000000
1730841.890255;16948005.000000
1742100.161911;16950765.000000
1740107.438485;16953767.000000
1737685.201739;16956408.000000
1739045.783771;16959316.000000
1739758.971150;16962234.000000
1747332.979221;16965212.000000
1738636.364714;16967272.000000
1741140.739382;16969951.000000
1738950.238847;16971914.000000
1730354.480070;16973429.000000
1742594.948469;16976297.000000
1739921.804326;16978906.000000
1738125.495147;16981457.000000
1732323.537870;16984039.000000
1747876.309324;16987080.000000
1744450.426541;16989740.000000
1740441.765512;16991603.000000
1732548.121350;16993870.000000
1729743.886839;16996274.000000
1736367.917518;16998791.000000
1744690.625152;17001745.000000
1738928.572000;17004855.000000
1741382.775098;17007447.000000
1733580.259213;17009686.000000
1746671.559197;17012147.000000
1747507.136025;17014613.000000
1751506.270334;17016929.000000
1743884.026960;17019726.000000
1737386.915266;17022130.000000
1740495.895693;17024439.000000
1754943.825114;17027867.000000
1743961.490107;17030902.000000
1750858.261919;17033655.000000
1757220.755826;17036685.000000
1744573.772223;17038743.000000
1733642.842833;17040903.000000
1744925.721725;17043682.000000
1746670.146483;17046523.000000
1745514.639047;17049177.000000
1745871.685768;17052033.000000
1754097.462540;17054504.000000
1746248.015832;17056838.000000
1758277.488792;17060019.000000
1744656.636168;17062098.000000
1748674.477134;17064707.000000
1747725.416883;17066928.000000
1745078.488016;17069495.000000
1745663.331536;17071863.000000
1741207.278305;17074062.000000
1745930.575874;17076684.000000
1756797.392243;17079625.000000
1754111.445818;17083102.000000
1755273.302287;17085893.000000
1753572.173083;17088053.000000
1748878.788049;17090989.000000
1749143.182836;17093726.000000
1748374.481843;17096519.000000
1751427.880246;17099379.000000
1754150.395281;17102127.000000
1747647.020637;17104761.000000
1751365.734673;17106869.000000
1753456.115343;17109226.000000
1746087.671012;17111309.000000
1753149.070283;17114002.000000
1760669.709865;17116918.000000
1753871.466044;17120212.000000
1750818.486393;17122520.000000
1747559.534399;17125296.000000
1755749.135656;17127423.000000
1754238.835459;17129696.000000
1753239.945182;17132192.000000
1758558.744462;17134818.000000
1753618.847700;17137445.000000
1759015.110752;17139706.000000
1755329.398257;17142516.000000
1752497.688416;17144853.000000
1758188.186232;17147927.000000
1755419.968107;17150505.000000
1759852.744733;17153231.000000
1756557.423996;17156162.000000
1764438.303813;17159013.000000
1762205.436804;17162068.000000
