1.131986;20.000000
1.182666;8.000000
1.190309;14.000000
1.170359;8.000000
1.201584;9.000000
1.126061;10.000000
1.221006;37.000000
1.196177;15.000000
1.163337;8.000000
1.190490;9.000000
1.150534;15.000000
1.175847;15.000000
1.114697;10.000000
1.149651;16.000000
1.143962;15.000000
1.137081;11.000000
1.166012;4.000000
1.151697;10.000000
1.161751;15.000000
1.192194;9.000000
1.187741;11.000000
1.163192;11.000000
1.190905;11.000000
1.203732;8.000000
1.158452;41.000000
1.123872;8.000000
1.137871;27.000000
1.162124;20.000000
1.188668;5.000000
1.178562;1.000000
1.218743;14.000000
1.182392;10.000000
1.196410;8.000000
1.219505;13.000000
1.168821;4.000000
1.187951;6.000000
1.126294;7.000000
1.162312;8.000000
1.254684;15.000000
1.204658;9.000000
1.192378;13.000000
1.197346;15.000000
1.162398;18.000000
1.169286;5.000000
1.191178;15.000000
1.214140;7.000000
1.151265;8.000000
1.164603;6.000000
1.195717;15.000000
1.164711;7.000000
1.232191;22.000000
1.205738;10.000000
1.181899;23.000000
1.160520;24.000000
1.176029;8.000000
1.266758;16.000000
1.135478;20.000000
1.195893;29.000000
1.197451;5.000000
1.178183;30.000000
1.136983;4.000000
1.121263;11.000000
1.148355;7.000000
1.188008;10.000000
1.165514;40.000000
1.247466;5.000000
1.195921;4.000000
1.140082;30.000000
1.164120;30.000000
1.089205;24.000000
1.211582;7.000000
1.186922;9.000000
1.152829;7.000000
1.163072;9.000000
1.190777;14.000000
1.240122;16.000000
1.165698;10.000000
1.183249;2.000000
1.182065;20.000000
1.165669;18.000000
1.123074;3.000000
1.204150;9.000000
1.211824;9.000000
1.216861;10.000000
1.147361;5.000000
1.121446;15.000000
1.235475;10.000000
1.231498;8.000000
1.234266;26.000000
1.226697;2.000000
1.249533;8.000000
1.202017;7.000000
1.226269;9.000000
1.204766;18.000000
1.202778;10.000000
1.153118;8.000000
1.167562;8.000000
1.134830;18.000000
1.207030;10.000000
1.149476;21.000000
