3239248.428921;32754491.000000
3237512.146464;32753515.000000
3245893.266791;32752304.000000
3242641.166473;32751173.000000
3245389.992789;32749760.000000
3223491.742887;32748084.000000
3238831.865959;32747218.000000
3244047.300810;32745731.000000
3247881.213379;32744412.000000
3248932.541874;32743316.000000
3253140.921142;32742263.000000
3233106.239011;32740959.000000
3235314.666640;32739761.000000
3236355.537359;32738361.000000
3249950.814982;32737588.000000
3243317.848113;32736159.000000
3245931.850085;32735318.000000
3242166.095098;32733806.000000
3244296.083884;32733145.000000
3233885.396488;32732675.000000
3232924.457682;32731657.000000
3241027.079530;32731182.000000
3265418.201141;32730904.000000
3234763.754794;32729674.000000
3240072.000600;32729025.000000
3251875.134287;32727987.000000
3230354.640620;32726457.000000
3253619.756485;32725345.000000
3241916.312251;32724633.000000
3234889.703924;32723386.000000
3249751.307752;32722599.000000
3244006.317814;32721217.000000
3242383.969835;32720345.000000
3250073.254149;32719943.000000
3237646.912863;32718591.000000
3250820.198110;32717741.000000
3256098.298830;32716835.000000
3233695.995865;32715044.000000
3232410.038900;32714068.000000
3233025.710808;32712785.000000
3232925.866594;32711666.000000
3244374.988122;32711092.000000
3256258.464570;32710401.000000
3236518.440833;32709444.000000
3213289.364246;32707577.000000
3247140.542910;32706448.000000
3249465.460422;32705740.000000
3234545.790558;32704950.000000
3210454.905569;32703673.000000
3236358.886630;32702315.000000
3253356.991158;32700911.000000
3252339.522312;32700164.000000
3239674.967435;32699138.000000
3221298.057410;32697549.000000
3232455.416007;32696458.000000
3218456.132352;32695529.000000
3242651.217450;32694559.000000
3233857.750423;32693459.000000
3241986.420774;32692178.000000
3220672.368220;32690469.000000
3242631.229229;32689702.000000
3239182.891336;32688304.000000
3247720.688290;32687688.000000
3237431.260820;32687038.000000
3239167.509307;32686085.000000
3232600.231305;32685292.000000
3240068.380265;32684354.000000
3228575.913306;32682731.000000
3213918.765037;32681600.000000
3246786.987862;32680699.000000
3245443.810304;32679774.000000
3218605.331150;32678075.000000
3235621.567698;32677075.000000
3241766.683874;32675953.000000
3241628.278553;32675303.000000
3242873.783164;32674637.000000
3251670.839728;32673648.000000
3227932.033358;32672461.000000
3233969.715452;32671105.000000
3237099.575355;32670499.000000
3252437.319914;32669581.000000
3245339.002334;32668647.000000
3218059.859059;32667514.000000
3224450.114233;32666077.000000
3258549.456527;32665547.000000
3240717.532292;32664455.000000
3243698.441131;32663658.000000
3248963.817819;32662789.000000
3222591.197684;32661647.000000
3233831.066144;32660875.000000
3233727.857248;32660056.000000
3237568.254492;32658548.000000
3229442.746094;32657186.000000
3231456.158950;32655737.000000
3235341.102702;32655060.000000
3240554.354770;32654278.000000
3227202.373297;32652900.000000
3226940.813333;32652370.000000
3242131.938449;32651352.000000
3249292.329091;32650558.000000
