3486864.235170;33356825.000000
3476176.700352;33361504.000000
3480735.965418;33366436.000000
3487596.004169;33371199.000000
3492755.288335;33376119.000000
3482003.949033;33380282.000000
3499934.046363;33385499.000000
3478953.173824;33390072.000000
3481954.926005;33394528.000000
3497666.042793;33399515.000000
3483117.016883;33403689.000000
3507186.884426;33408770.000000
3503046.610742;33413433.000000
3494676.731547;33418015.000000
3507280.569081;33423254.000000
3510076.136351;33428277.000000
3498700.666812;33433123.000000
3497099.573660;33437969.000000
3497896.013204;33442714.000000
3507870.038137;33447445.000000
3497852.999934;33452179.000000
3489023.089043;33456698.000000
3504664.982180;33461624.000000
3509653.281962;33466355.000000
3507206.090772;33471657.000000
3521221.850946;33476105.000000
3516426.765067;33480633.000000
3492550.560957;33485363.000000
3503018.822381;33490289.000000
3506966.372039;33495415.000000
3506751.830951;33500748.000000
3487234.477302;33505587.000000
3489779.769025;33510277.000000
3507615.451332;33514603.000000
3503312.930545;33519476.000000
3511106.500098;33523732.000000
3513540.286881;33528039.000000
3513373.887894;33532809.000000
3495484.187718;33537064.000000
3506248.186337;33541651.000000
3515663.384815;33546493.000000
3514313.526765;33551290.000000
3523187.010523;33555716.000000
3522743.220073;33560473.000000
3505516.869692;33565070.000000
3508403.011807;33569594.000000
3522962.797918;33574216.000000
3518928.244282;33579260.000000
3524125.646168;33584298.000000
3526880.651255;33588731.000000
3510034.395111;33593452.000000
3531482.820287;33598366.000000
3540995.540862;33603407.000000
3532492.928667;33608178.000000
3515028.914976;33613005.000000
3538116.313357;33618102.000000
3526822.214476;33622864.000000
3532008.668317;33627311.000000
3521902.409134;33631890.000000
3526336.014797;33636989.000000
3512363.204386;33642050.000000
3553050.497115;33647046.000000
3520226.318375;33651611.000000
3536232.768466;33656611.000000
3509927.113643;33661601.000000
3528562.847673;33666638.000000
3533348.646876;33671347.000000
3532247.779785;33675900.000000
3508977.723716;33680287.000000
3519003.798696;33684694.000000
3510900.397874;33689297.000000
3544571.524740;33694800.000000
3516813.517951;33699578.000000
3528479.645206;33704794.000000
3517732.967096;33709047.000000
3525817.071569;33714155.000000
3517176.109893;33718807.000000
3531647.907682;33722918.000000
3538441.499548;33727707.000000
3529374.059243;33732355.000000
3530749.760119;33736974.000000
3511517.078370;33741379.000000
3514540.275662;33745856.000000
3533572.281280;33750635.000000
3558726.660784;33756203.000000
3535278.606645;33760862.000000
3552383.079894;33766039.000000
3517943.869397;33771035.000000
3538170.037666;33775588.000000
3543108.574385;33780359.000000
3519520.463091;33784766.000000
3535981.813748;33789530.000000
3539810.361819;33794088.000000
3551526.995817;33799081.000000
3549594.323731;33804324.000000
3530919.876850;33808804.000000
3523786.738614;33813201.000000
3536668.645044;33817553.000000
3536265.177644;33822397.000000
3528359.213858;33826917.000000
