1.176956;14.000000
1.234203;16.000000
1.280114;17.000000
1.251888;18.000000
1.300711;13.000000
1.234377;12.000000
1.290572;17.000000
1.244058;11.000000
1.179386;5.000000
1.317027;3.000000
1.155447;7.000000
1.242590;14.000000
1.274390;54.000000
1.217292;8.000000
1.210581;11.000000
1.216960;19.000000
1.251154;5.000000
1.225789;9.000000
1.212538;26.000000
1.216928;6.000000
1.196053;5.000000
1.234768;17.000000
1.175517;7.000000
1.326737;25.000000
1.273380;12.000000
1.270895;19.000000
1.292608;13.000000
1.225758;4.000000
1.257130;12.000000
1.228543;4.000000
1.219242;24.000000
1.259367;14.000000
1.224447;5.000000
1.153079;5.000000
1.226806;18.000000
1.249159;9.000000
1.243680;4.000000
1.258978;15.000000
1.210258;4.000000
1.301877;14.000000
1.293198;4.000000
1.224582;10.000000
1.285007;14.000000
1.252063;17.000000
1.274058;8.000000
1.278316;4.000000
1.239046;51.000000
1.253662;4.000000
1.177572;3.000000
1.279513;12.000000
1.236060;11.000000
1.199985;2.000000
1.224617;19.000000
1.223953;5.000000
1.255910;39.000000
1.237597;43.000000
1.254236;9.000000
1.136600;19.000000
1.296110;14.000000
1.247914;8.000000
1.217528;17.000000
1.272534;7.000000
1.285936;22.000000
1.271161;9.000000
1.235770;17.000000
1.214517;23.000000
1.249886;17.000000
1.205315;9.000000
1.186312;22.000000
1.237857;8.000000
1.255314;4.000000
1.374269;22.000000
1.247482;3.000000
1.205707;9.000000
1.247715;26.000000
1.225679;8.000000
1.226598;10.000000
1.205721;25.000000
1.262624;18.000000
1.246654;9.000000
1.331914;14.000000
1.157276;12.000000
1.188785;9.000000
1.259804;10.000000
1.264525;10.000000
1.242730;3.000000
1.189351;18.000000
1.323134;5.000000
1.279107;10.000000
1.238626;6.000000
1.188930;11.000000
1.252497;30.000000
1.295413;10.000000
1.270726;20.000000
1.213351;30.000000
1.268391;18.000000
1.267601;18.000000
1.333901;4.000000
1.288751;9.000000
1.292115;13.000000
