1131322.344544;11379148.000000
1130839.899632;11378751.000000
1133692.009686;11378175.000000
1133136.999946;11377694.000000
1126459.972268;11377112.000000
1129616.299420;11376544.000000
1128003.235903;11375915.000000
1129021.139499;11375512.000000
1132567.939681;11375088.000000
1129490.541889;11373957.000000
1136519.503068;11373235.000000
1134822.960779;11372839.000000
1130443.382133;11372236.000000
1131758.575958;11371497.000000
1134051.035946;11371131.000000
1131248.126333;11370644.000000
1131001.049850;11369441.000000
1127021.711838;11368818.000000
1129351.209017;11368414.000000
1132235.255239;11367745.000000
1134163.228320;11367398.000000
1134637.381443;11366786.000000
1129182.267680;11365825.000000
1132110.181001;11365039.000000
1130113.310878;11364670.000000
1125132.878524;11363640.000000
1131785.911611;11363299.000000
1134378.611233;11362651.000000
1130553.015896;11362164.000000
1128468.670532;11361921.000000
1124937.526657;11361032.000000
1132431.775502;11360472.000000
1133031.596931;11359607.000000
1130030.300942;11359228.000000
1133415.860326;11358588.000000
1127253.431325;11357753.000000
1127705.721008;11357226.000000
1132106.123423;11356860.000000
1131789.769409;11356744.000000
1131110.109176;11356411.000000
1123118.629908;11355650.000000
1129243.114159;11355102.000000
1136082.200132;11354989.000000
1124495.766545;11354151.000000
1124595.795368;11353503.000000
1127436.338078;11352989.000000
1126226.980465;11352435.000000
1129060.174186;11351713.000000
1132304.599562;11351401.000000
1137271.331379;11351249.000000
1125623.620666;11350940.000000
1126366.528562;11350637.000000
1123877.999796;11349932.000000
1133305.563420;11349257.000000
1128501.315686;11348399.000000
1129848.921967;11347623.000000
1120562.892461;11346766.000000
1133352.748940;11345910.000000
1129232.978325;11344857.000000
1134122.407973;11344280.000000
1131426.269588;11344169.000000
1127944.035969;11343238.000000
1126693.297509;11342671.000000
1127286.509863;11341952.000000
1125853.142993;11341011.000000
1129773.521107;11340250.000000
1127740.221362;11340180.000000
1123105.141073;11339385.000000
1132165.867356;11339132.000000
1130272.667209;11338598.000000
1134947.068617;11338795.000000
1126476.476826;11338386.000000
1126560.983615;11337570.000000
1127729.703393;11336881.000000
1131568.662523;11336938.000000
1136460.541141;11336975.000000
1130479.453452;11336672.000000
1135963.166020;11336512.000000
1128397.856677;11336000.000000
1125317.188348;11335414.000000
1135779.079846;11335033.000000
1133657.088167;11334455.000000
1124178.036051;11333597.000000
1125758.602231;11333301.000000
1127795.429126;11332685.000000
1126829.565384;11332265.000000
1124269.541110;11331383.000000
1126224.193626;11331327.000000
1126277.116902;11330433.000000
1129292.456776;11330225.000000
1131680.393956;11330205.000000
1129447.853996;11330073.000000
1125696.252471;11329615.000000
1129461.027746;11328806.000000
1123139.638796;11328163.000000
1127581.139843;11327325.000000
1127274.617354;11326877.000000
1127081.396303;11326320.000000
1125348.635036;11325905.000000
1124844.905717;11325151.000000
