3783167.656146;36437053.000000
3778826.827560;36441238.000000
3786783.630447;36445004.000000
3780662.866286;36449100.000000
3784356.984092;36453392.000000
3783109.454548;36457158.000000
3794700.807157;36461472.000000
3769708.523693;36465108.000000
3787533.585430;36469046.000000
3795794.644618;36473306.000000
3780240.332980;36476908.000000
3821332.722067;36481322.000000
3803394.193646;36485543.000000
3798210.519158;36489713.000000
3800671.015557;36494071.000000
3793444.525284;36498225.000000
3793681.431126;36502623.000000
3796342.384225;36506535.000000
3791876.596297;36510444.000000
3784049.554787;36514811.000000
3771549.292734;36518196.000000
3799362.079733;36522576.000000
3795738.689593;36526990.000000
3797197.417257;36530965.000000
3795612.426216;36535493.000000
3816225.022500;36539418.000000
3801222.861876;36542818.000000
3814623.576606;36547183.000000
3825974.651727;36551706.000000
3803971.201207;36555645.000000
3818856.748402;36560224.000000
3802321.553100;36563959.000000
3807204.961853;36567879.000000
3801207.279605;36572048.000000
3799975.766318;36575674.000000
3789781.135064;36579180.000000
3808880.603185;36583407.000000
3798520.464511;36587414.000000
3806377.887258;36591566.000000
3808146.834093;36595964.000000
3802572.515134;36600222.000000
3799851.194670;36604520.000000
3811253.211530;36608608.000000
3802801.278582;36612051.000000
3801365.661058;36616429.000000
3813037.384767;36620580.000000
3810060.116956;36624511.000000
3812378.842988;36628805.000000
3815004.480301;36632867.000000
3808305.615098;36636997.000000
3793554.039132;36641025.000000
3805618.633039;36645259.000000
3809962.162309;36649145.000000
3818771.082623;36653608.000000
3821591.616595;36657526.000000
3803898.063689;36661579.000000
3808782.740478;36665487.000000
3809468.671632;36669951.000000
3797720.221990;36673141.000000
3809434.600064;36677231.000000
3789167.080070;36681004.000000
3802555.219239;36684522.000000
3807721.103835;36688528.000000
3806204.727848;36692190.000000
3817429.395865;36696047.000000
3822873.439581;36700550.000000
3812380.689097;36704246.000000
3813892.899067;36707968.000000
3800565.852754;36712371.000000
3799916.805391;36716092.000000
3804436.574998;36720197.000000
3802519.623597;36724329.000000
3820076.776476;36728567.000000
3806728.738351;36732431.000000
3820062.293639;36736512.000000
3790902.472180;36739893.000000
3824622.171601;36743903.000000
3819157.262483;36747945.000000
3804727.936556;36751700.000000
3831603.798477;36755906.000000
3824551.094138;36760001.000000
3816058.799759;36763981.000000
3828363.138730;36768149.000000
3817818.803384;36771645.000000
3805267.616601;36775262.000000
3803552.906350;36778994.000000
3801646.040352;36782864.000000
3818057.885258;36786662.000000
3826203.282002;36790688.000000
3817266.793394;36794635.000000
3830063.213990;36798577.000000
3793911.097026;36802727.000000
3827360.427184;36806712.000000
3844961.061706;36811221.000000
3829414.609058;36815647.000000
3820981.922627;36819773.000000
3818776.588523;36823837.000000
3837348.274263;36828148.000000
3824623.970434;36832371.000000
3834284.580670;36836088.000000
