1236121.618334;13541241.000000
1235655.849269;13531035.000000
1238757.002128;13520708.000000
1237477.351682;13510556.000000
1234768.559876;13499927.000000
1229198.541550;13489582.000000
1228939.049723;13479396.000000
1226764.307554;13468948.000000
1227525.254134;13458738.000000
1227180.979331;13448166.000000
1230632.237899;13438235.000000
1222082.799111;13427747.000000
1224709.748714;13417508.000000
1226559.594465;13407281.000000
1221282.111086;13396561.000000
1221372.295350;13387037.000000
1223003.427282;13376805.000000
1228127.910238;13367000.000000
1218535.591716;13356472.000000
1213085.924876;13346083.000000
1219965.792442;13335501.000000
1216592.851909;13324997.000000
1221729.804140;13315172.000000
1208963.030180;13304637.000000
1211327.078496;13294458.000000
1213559.514412;13284530.000000
1217722.931946;13274389.000000
1212328.072149;13264116.000000
1211422.254118;13253335.000000
1209246.822990;13242751.000000
1216386.808243;13232598.000000
1202237.184132;13222336.000000
1205944.072339;13212147.000000
1205695.439153;13201925.000000
1202983.504659;13191577.000000
1206633.320478;13181399.000000
1203042.013607;13170724.000000
1202241.825586;13160247.000000
1197951.836913;13150067.000000
1206870.723377;13140273.000000
1199147.688518;13130060.000000
1200601.443321;13119769.000000
1201221.223998;13109005.000000
1198348.150668;13098799.000000
1198182.910406;13088715.000000
1195082.321262;13078574.000000
1191755.944038;13068112.000000
1188628.328708;13057510.000000
1185858.244331;13047147.000000
1186604.286181;13036756.000000
1188572.608626;13026467.000000
1193966.790867;13016189.000000
1191530.513048;13005970.000000
1189055.449077;12996547.000000
1186976.910753;12986607.000000
1187212.686713;12976114.000000
1179546.550271;12965779.000000
1184632.470058;12955666.000000
1183305.744913;12945320.000000
1178791.999656;12935309.000000
1183848.827143;12925311.000000
1179501.379309;12915004.000000
1177017.430778;12905060.000000
1174473.905041;12894600.000000
1174599.252698;12884554.000000
1174982.704941;12874031.000000
1179226.998651;12863957.000000
1174299.534498;12853422.000000
1169128.384588;12842879.000000
1176055.609680;12832985.000000
1174893.376168;12822476.000000
1169298.080820;12812164.000000
1173818.131425;12801833.000000
1170955.714977;12791387.000000
1168268.529508;12781033.000000
1168787.515553;12770879.000000
1166782.800691;12760672.000000
1168926.155892;12750407.000000
1170086.581354;12740143.000000
1157419.762991;12729521.000000
1165101.107816;12718640.000000
1162262.436869;12708100.000000
1164097.664606;12698167.000000
1155488.318734;12687238.000000
1160510.156797;12677185.000000
1149646.970372;12666487.000000
1155249.936380;12656014.000000
1155906.916311;12645583.000000
1151132.749703;12635106.000000
1150026.905272;12624911.000000
1148439.838704;12614808.000000
1148841.458327;12604364.000000
1149143.644522;12593758.000000
1145419.634918;12583231.000000
1143523.025756;12573099.000000
1149491.078576;12562837.000000
1146551.608203;12552490.000000
1153142.412259;12542447.000000
1146139.924228;12532127.000000
1143890.391452;12521713.000000
