3579307.693507;36011489.000000
3573496.622056;36010914.000000
3588541.521562;36010318.000000
3585528.958708;36009814.000000
3577607.356257;36009578.000000
3578676.478625;36008592.000000
3566141.070546;36008068.000000
3560360.249667;36007311.000000
3589198.213813;36006807.000000
3574694.539898;36006079.000000
3588128.803198;36005202.000000
3575452.309480;36004570.000000
3582220.025027;36004125.000000
3584537.933457;36003440.000000
3576299.377751;36002651.000000
3585592.927709;36002290.000000
3579539.736635;36001034.000000
3571329.151849;36000528.000000
3564899.913216;35999751.000000
3577909.940879;35998799.000000
3580880.542970;35998224.000000
3585825.026997;35997406.000000
3583878.434677;35996835.000000
3582349.088001;35996317.000000
3599541.506046;35995582.000000
3573527.898734;35994093.000000
3581030.055031;35993617.000000
3590216.952056;35993732.000000
3599916.750872;35993143.000000
3585088.540518;35992552.000000
3591561.199249;35992283.000000
3591914.090616;35991770.000000
3581357.299441;35991093.000000
3596323.179017;35990754.000000
3589364.071052;35990501.000000
3564949.758736;35989934.000000
3581494.683218;35989405.000000
3572598.191478;35988477.000000
3580797.393023;35987959.000000
3556096.858795;35987221.000000
3584310.572760;35987029.000000
3565184.722236;35986087.000000
3583907.751963;35985886.000000
3594171.312603;35985533.000000
3575709.145023;35984965.000000
3583614.843690;35984050.000000
3578240.366111;35983846.000000
3592916.012213;35983755.000000
3582833.362844;35983375.000000
3579803.299318;35983148.000000
3604602.824851;35982868.000000
3582254.335796;35982996.000000
3573397.822991;35982497.000000
3580070.950387;35982489.000000
3566302.539253;35981329.000000
3571445.627700;35980310.000000
3593614.001945;35980249.000000
3583582.508182;35979903.000000
3561755.014168;35978909.000000
3599619.902741;35978286.000000
3575796.211360;35977196.000000
3576565.326654;35976926.000000
3593759.978108;35976724.000000
3570090.002170;35976246.000000
3584994.998994;35975516.000000
3602272.153813;35975547.000000
3573884.482462;35974786.000000
3578461.007116;35974217.000000
3583897.189928;35973986.000000
3592104.527538;35973891.000000
3600613.268368;35973437.000000
3558887.958129;35972422.000000
3574606.411771;35971417.000000
3571453.299368;35970763.000000
3584586.927968;35970087.000000
3593611.225747;35969360.000000
3584950.298070;35969037.000000
3592431.316172;35968261.000000
3576795.615310;35967645.000000
3591306.783657;35967220.000000
3574765.505321;35966297.000000
3585585.031081;35965950.000000
3586910.640443;35965551.000000
3591853.327418;35965294.000000
3585161.777071;35965182.000000
3586753.102728;35964288.000000
3589341.376484;35963736.000000
3590015.800274;35963412.000000
3584649.423838;35962845.000000
3579339.727940;35962203.000000
3574599.158288;35960913.000000
3600649.919358;35960455.000000
3588520.099417;35959988.000000
3578413.608862;35959213.000000
3583727.143535;35958922.000000
3591145.872388;35958891.000000
3570135.401919;35958236.000000
3570568.383157;35957653.000000
3586868.245105;35957731.000000
3566230.356543;35957383.000000
