3293193.900297;32433588.000000
3284883.825898;32435225.000000
3292821.272349;32436676.000000
3286123.265340;32438183.000000
3286590.746316;32439939.000000
3281355.972075;32441316.000000
3290952.962642;32443210.000000
3284524.523763;32444500.000000
3300427.982024;32446349.000000
3298039.657719;32448127.000000
3297891.723749;32449935.000000
3302312.945744;32451271.000000
3293476.457995;32453098.000000
3281543.802727;32454731.000000
3301796.755399;32456433.000000
3286760.278063;32457592.000000
3306050.904893;32459385.000000
3297424.612884;32461209.000000
3296825.596886;32462237.000000
3309008.203912;32464389.000000
3295923.655685;32466318.000000
3286632.703486;32468137.000000
3282930.823220;32469915.000000
3301867.767896;32471676.000000
3295679.544427;32473007.000000
3284408.367656;32474613.000000
3286913.614902;32476036.000000
3290744.048043;32476836.000000
3289279.991744;32478677.000000
3305616.941511;32480475.000000
3311869.843802;32482468.000000
3295786.627510;32483635.000000
3314361.403073;32485426.000000
3298255.728819;32487356.000000
3282938.807476;32488893.000000
3306458.634576;32490343.000000
3290367.372145;32491897.000000
3296198.327068;32493245.000000
3281769.280889;32494600.000000
3288999.147990;32495912.000000
3304239.741208;32497937.000000
3313559.010588;32499698.000000
3316319.719567;32501722.000000
3301975.730028;32503284.000000
3285265.043796;32503839.000000
3288491.078275;32505212.000000
3299179.259940;32506933.000000
3299656.390390;32508464.000000
3297478.330107;32510000.000000
3299457.010275;32512207.000000
3293587.684193;32513691.000000
3291421.936378;32515272.000000
3301783.601643;32517101.000000
3296004.586484;32518294.000000
3285912.794192;32519948.000000
3304986.441442;32521581.000000
3319292.317697;32523686.000000
3299408.711645;32525100.000000
3305855.649057;32526924.000000
3312871.929395;32529165.000000
3292911.888049;32530332.000000
3306408.653636;32531293.000000
3312329.169718;32533069.000000
3300206.047189;32534319.000000
3309519.823699;32535643.000000
3303682.592511;32537175.000000
3303559.412511;32538836.000000
3292797.616821;32539660.000000
3294389.234529;32540883.000000
3302154.463227;32542453.000000
3295624.761643;32544239.000000
3295861.188716;32546380.000000
3307913.571603;32547901.000000
3289082.742869;32549512.000000
3307223.220244;32551127.000000
3311393.464478;32552927.000000
3298687.228837;32554403.000000
3308947.629743;32556869.000000
3313330.296362;32558388.000000
3294062.637543;32559854.000000
3293231.943465;32561786.000000
3312280.496243;32563060.000000
3314809.170495;32564867.000000
3302482.268470;32566783.000000
3303402.268259;32568659.000000
3283810.954893;32569649.000000
3307389.675098;32571365.000000
3308023.778048;32573197.000000
3297721.155707;32574524.000000
3312121.418937;32575958.000000
3315829.364611;32577995.000000
3289547.384448;32579255.000000
3290216.556655;32580850.000000
3311177.151393;32582041.000000
3301859.912497;32583712.000000
3309898.431842;32585174.000000
3304926.589017;32586543.000000
3320721.636228;32588490.000000
3322893.357900;32590016.000000
3324583.258573;32592005.000000
