3012547.029195;28531664.000000
2999115.284722;28537279.000000
3005454.074128;28543158.000000
3019261.616556;28549100.000000
3003816.350090;28554452.000000
3005902.281422;28560233.000000
3018776.459282;28566050.000000
3006165.910128;28571778.000000
3007955.354340;28577398.000000
3007608.279889;28582936.000000
3010004.351595;28588707.000000
3004843.377798;28594006.000000
3008665.716107;28599497.000000
3018182.721342;28604864.000000
3024837.047969;28610442.000000
3020794.198627;28615932.000000
3027179.066088;28621311.000000
3020362.023544;28626658.000000
3008783.296461;28631799.000000
3030979.046311;28637634.000000
3006928.842021;28643250.000000
3015240.495702;28648805.000000
3006560.951378;28654352.000000
3021244.416900;28659730.000000
3017939.484081;28665219.000000
3030770.680087;28671041.000000
3009849.378928;28676480.000000
3019318.893749;28681588.000000
3035671.209855;28687168.000000
3021394.873046;28692456.000000
3037433.518292;28697879.000000
3026840.713746;28703276.000000
3032317.290968;28708565.000000
3030876.215939;28714104.000000
3032845.198947;28719534.000000
3023623.198231;28724548.000000
3025548.704616;28730061.000000
3022954.353200;28735748.000000
3032193.401766;28741312.000000
3031367.195112;28746729.000000
3020905.882348;28752024.000000
3048934.992791;28757537.000000
3048846.438763;28763406.000000
3029012.105665;28768778.000000
3033251.745096;28774001.000000
3039090.215730;28779569.000000
3032721.015021;28785444.000000
3031854.265083;28790643.000000
3027812.079325;28796254.000000
3046415.548590;28802304.000000
3034450.164896;28807609.000000
3037135.299775;28812553.000000
3035221.440607;28817601.000000
3040531.650999;28823479.000000
3046281.344483;28829029.000000
3042150.518669;28834850.000000
3040948.799062;28840432.000000
3035417.037715;28846097.000000
3053467.369504;28851701.000000
3034195.416373;28856711.000000
3037081.717585;28862029.000000
3046652.882268;28867908.000000
3058593.411369;28873451.000000
3046694.010115;28878635.000000
3042403.507991;28883870.000000
3040464.797321;28888854.000000
3059938.668877;28894568.000000
3039745.578403;28900112.000000
3040687.331816;28905640.000000
3044212.449216;28910844.000000
3067456.493815;28916954.000000
3067034.108183;28922378.000000
3036251.879171;28927278.000000
3055340.843870;28932686.000000
3051735.590517;28938228.000000
3035736.535588;28943109.000000
3050868.454458;28948128.000000
3047428.257801;28953658.000000
3059563.741266;28959162.000000
3070419.018687;28964602.000000
3067680.068270;28970161.000000
3057094.765769;28976007.000000
3053498.851665;28981797.000000
3055703.038263;28987303.000000
3052949.249644;28992644.000000
3047403.938151;28998152.000000
3065486.329501;29004256.000000
3058096.237721;29009715.000000
3058058.852897;29015328.000000
3061846.053612;29020803.000000
3031882.087141;29025998.000000
3053045.592641;29031892.000000
3070635.319312;29037212.000000
3064950.680663;29042763.000000
3047285.221139;29048217.000000
3069953.693834;29053857.000000
3059599.493562;29059451.000000
3065061.903224;29064439.000000
3068440.797533;29070010.000000
3067803.701562;29075464.000000
