1.438876;15.000000
1.656697;49.000000
1.665582;19.000000
1.572750;18.000000
1.689529;24.000000
1.705121;10.000000
1.816003;5.000000
1.614849;55.000000
1.654736;5.000000
1.629236;7.000000
1.666529;9.000000
1.780568;30.000000
1.788802;35.000000
1.742885;12.000000
1.696884;3.000000
1.909386;12.000000
1.717411;27.000000
1.677488;7.000000
1.782079;2.000000
1.682437;71.000000
1.541163;61.000000
1.813889;12.000000
1.817975;33.000000
1.591031;34.000000
1.668212;12.000000
1.621067;10.000000
1.615893;7.000000
1.777764;18.000000
1.692946;36.000000
1.595678;12.000000
1.940865;13.000000
1.635564;3.000000
1.672048;13.000000
1.574473;39.000000
1.745755;11.000000
1.816449;5.000000
1.699089;11.000000
1.719696;6.000000
1.824683;17.000000
1.564470;14.000000
1.689630;14.000000
1.543356;22.000000
1.580830;5.000000
1.735044;8.000000
1.703177;6.000000
1.699211;6.000000
1.649786;18.000000
1.594695;5.000000
1.792036;7.000000
1.651751;30.000000
1.730609;26.000000
1.645621;16.000000
1.695644;3.000000
1.672353;18.000000
1.868007;6.000000
1.618981;34.000000
1.824098;18.000000
1.838642;16.000000
1.650513;10.000000
1.643787;15.000000
1.585964;8.000000
1.652976;22.000000
1.649853;16.000000
1.726152;31.000000
1.745512;5.000000
1.767960;24.000000
1.547735;22.000000
1.813812;69.000000
1.671469;24.000000
1.624669;7.000000
1.684516;11.000000
1.561905;13.000000
1.620001;24.000000
1.605811;18.000000
1.432997;25.000000
1.518055;11.000000
1.518858;4.000000
1.473472;20.000000
1.603151;10.000000
1.627725;15.000000
1.661964;19.000000
2.048283;10.000000
1.745000;20.000000
1.585978;16.000000
1.755318;20.000000
1.687055;6.000000
1.632720;9.000000
1.611794;10.000000
1.597335;43.000000
1.618193;31.000000
1.618293;7.000000
1.590835;24.000000
1.645337;42.000000
1.863754;7.000000
1.749241;4.000000
1.548698;12.000000
1.861719;4.000000
1.518810;25.000000
1.766132;68.000000
1.668409;55.000000
