3154109.914727;32821012.000000
3143307.007441;32816471.000000
3131790.797715;32811472.000000
3160516.419935;32807190.000000
3142487.850901;32802456.000000
3136617.031970;32797625.000000
3117519.804959;32792612.000000
3139804.747157;32788189.000000
3131491.215315;32783601.000000
3142238.615804;32778875.000000
3142996.433857;32774235.000000
3134842.929614;32769363.000000
3134673.630081;32764710.000000
3132203.209623;32759895.000000
3140640.369466;32754932.000000
3138566.336539;32750070.000000
3139483.113317;32745115.000000
3127771.207454;32739990.000000
3139184.219434;32734933.000000
3136706.553309;32730549.000000
3130158.698344;32725806.000000
3151517.928498;32721116.000000
3142026.851875;32716651.000000
3133106.588512;32711758.000000
3127702.574101;32706482.000000
3146527.302996;32701992.000000
3132852.189238;32697085.000000
3120620.618917;32692035.000000
3124805.964961;32687358.000000
3137476.870498;32682293.000000
3137241.402529;32677759.000000
3130875.373772;32673281.000000
3140781.082021;32669179.000000
3127089.902428;32664627.000000
3130339.069154;32660295.000000
3137132.873491;32655295.000000
3119200.618690;32650320.000000
3121810.402647;32645698.000000
3120538.779546;32640940.000000
3118414.655015;32635596.000000
3120976.940311;32630570.000000
3112247.730329;32625461.000000
3151254.402922;32621620.000000
3143259.827788;32617148.000000
3129730.669493;32612580.000000
3134334.216212;32607924.000000
3128669.560254;32603414.000000
3125178.414753;32598770.000000
3108969.453776;32593833.000000
3111192.998102;32588844.000000
3109603.653016;32583739.000000
3118490.525021;32578850.000000
3112824.100024;32573388.000000
3114256.585222;32568326.000000
3117402.348241;32563281.000000
3126451.429924;32558378.000000
3122411.477269;32553303.000000
3112119.809770;32548684.000000
3116768.890090;32543574.000000
3130307.138892;32539040.000000
3110972.302850;32534314.000000
3132819.296935;32529593.000000
3115593.872465;32524628.000000
3125012.141393;32519774.000000
3108749.636115;32514934.000000
3110887.201442;32510284.000000
3131419.520473;32506298.000000
3099451.413471;32500747.000000
3119964.193714;32496567.000000
3115977.853862;32491744.000000
3122153.101590;32486697.000000
3119191.208988;32482152.000000
3096157.677250;32477076.000000
3114811.725366;32472170.000000
3104810.319171;32467183.000000
3101284.844141;32462608.000000
3116058.027148;32457650.000000
3109550.941071;32452466.000000
3119806.606897;32447674.000000
3117252.327147;32442698.000000
3087782.913213;32437854.000000
3099420.465097;32432654.000000
3099007.568919;32427765.000000
3088860.793684;32422642.000000
3097458.446656;32417813.000000
3108146.208153;32413106.000000
3113789.986679;32408337.000000
3096161.241133;32403301.000000
3092107.485824;32398501.000000
3108479.686035;32393903.000000
3097645.556087;32389045.000000
3089499.411122;32383817.000000
3092976.552251;32379006.000000
3100855.684968;32374362.000000
3104052.958798;32369775.000000
3087425.518017;32364550.000000
3097545.092397;32359539.000000
3079884.999208;32354116.000000
3083502.330623;32349414.000000
3104938.651174;32344316.000000
