1.168443;11.000000
1.292482;16.000000
1.253773;8.000000
1.247996;12.000000
1.258137;26.000000
1.258608;10.000000
1.145014;8.000000
1.265106;17.000000
1.272581;1.000000
1.242654;33.000000
1.281307;11.000000
1.207112;7.000000
1.242063;5.000000
1.232835;15.000000
1.320864;25.000000
1.264163;5.000000
1.262326;13.000000
1.223150;14.000000
1.198834;13.000000
1.177245;6.000000
1.226755;4.000000
1.282891;8.000000
1.285508;10.000000
1.232503;8.000000
1.198265;22.000000
1.295413;7.000000
1.269909;13.000000
1.217987;17.000000
1.253622;14.000000
1.227568;7.000000
1.278545;19.000000
1.288894;10.000000
1.192155;14.000000
1.252048;10.000000
1.279101;9.000000
1.232154;5.000000
1.260670;16.000000
1.298977;2.000000
1.242111;6.000000
1.272312;17.000000
1.250651;16.000000
1.302679;13.000000
1.258098;31.000000
1.268133;6.000000
1.249650;14.000000
1.232427;18.000000
1.265938;5.000000
1.245167;13.000000
1.270362;5.000000
1.272042;10.000000
1.241808;21.000000
1.264884;2.000000
1.252520;7.000000
1.307701;16.000000
1.246581;11.000000
1.255703;9.000000
1.235839;11.000000
1.259882;9.000000
1.275657;15.000000
1.294526;15.000000
1.262023;9.000000
1.254960;6.000000
1.208212;13.000000
1.215734;6.000000
1.217655;4.000000
1.262623;7.000000
1.250904;14.000000
1.296602;16.000000
1.221315;21.000000
1.246100;5.000000
1.244431;8.000000
1.270548;11.000000
1.196673;7.000000
1.256168;8.000000
1.271186;43.000000
1.222833;11.000000
1.228455;9.000000
1.186846;28.000000
1.240551;5.000000
1.262465;2.000000
1.217475;7.000000
1.221868;6.000000
1.266129;4.000000
1.230600;21.000000
1.247804;16.000000
1.250072;14.000000
1.268741;6.000000
1.304415;12.000000
1.198624;14.000000
1.229064;6.000000
1.248885;9.000000
1.219345;20.000000
1.205640;21.000000
1.233926;16.000000
1.259169;6.000000
1.280595;13.000000
1.238117;18.000000
1.234433;22.000000
1.239004;25.000000
1.212176;25.000000
