1.257561;10.000000
1.325995;10.000000
1.274730;22.000000
1.383446;24.000000
1.410915;44.000000
1.438404;17.000000
1.391887;24.000000
1.324121;1.000000
1.341019;23.000000
1.387191;2.000000
1.518719;9.000000
1.400474;22.000000
1.354226;41.000000
1.375011;8.000000
1.359302;9.000000
1.405638;15.000000
1.351484;36.000000
1.475417;9.000000
1.418148;28.000000
1.391878;15.000000
1.303620;3.000000
1.381682;23.000000
1.361623;20.000000
1.413788;15.000000
1.391202;30.000000
1.398100;15.000000
1.440336;15.000000
1.453670;2.000000
1.392705;24.000000
1.252814;40.000000
1.478502;9.000000
1.437617;5.000000
1.385395;21.000000
1.421256;7.000000
1.376368;12.000000
1.395602;29.000000
1.391615;10.000000
1.427292;5.000000
1.497112;4.000000
1.371059;6.000000
1.343557;26.000000
1.448402;4.000000
1.353059;8.000000
1.330174;6.000000
1.384698;7.000000
1.385902;24.000000
1.536935;7.000000
1.434257;19.000000
1.438472;8.000000
1.459387;7.000000
1.383214;20.000000
1.334472;4.000000
1.440776;31.000000
1.407404;28.000000
1.434055;6.000000
1.437147;26.000000
1.264341;7.000000
1.376120;12.000000
1.461767;13.000000
1.306247;14.000000
1.480666;14.000000
1.377350;5.000000
1.471029;12.000000
1.395642;11.000000
1.447052;6.000000
1.467671;18.000000
1.269143;12.000000
1.451398;2.000000
1.491288;19.000000
1.329163;24.000000
1.367285;3.000000
1.285194;11.000000
1.367629;4.000000
1.341928;9.000000
1.391320;18.000000
1.335832;27.000000
1.341045;15.000000
1.367559;22.000000
1.453308;5.000000
1.520533;19.000000
1.389914;35.000000
1.361053;44.000000
1.367719;11.000000
1.520829;24.000000
1.436982;28.000000
1.378731;13.000000
1.360749;16.000000
1.525725;3.000000
1.432413;9.000000
1.305665;6.000000
1.471540;9.000000
1.453456;6.000000
1.406853;4.000000
1.502793;15.000000
1.373956;13.000000
1.487358;23.000000
1.384920;14.000000
1.379393;25.000000
1.397972;9.000000
1.404246;9.000000
