806405.226037;7436960.000000
804810.019813;7445420.000000
809643.809031;7453928.000000
808419.106285;7462389.000000
808734.061863;7470825.000000
803465.915891;7478453.000000
810777.319821;7486682.000000
813212.395247;7495471.000000
814648.619008;7503744.000000
811324.105365;7511719.000000
817950.420893;7519899.000000
816553.623427;7528771.000000
815818.099196;7536971.000000
818503.993197;7545418.000000
818446.617802;7553779.000000
819420.291525;7562207.000000
816681.754349;7570489.000000
821335.306872;7579120.000000
821806.392408;7587838.000000
828974.805591;7596831.000000
824275.188740;7605000.000000
823947.463717;7613818.000000
826044.284968;7621552.000000
822346.312003;7630012.000000
830924.744716;7638831.000000
829415.496523;7647477.000000
829856.396933;7656263.000000
831704.371422;7664703.000000
833633.902628;7673057.000000
836823.132927;7681256.000000
834596.570691;7689662.000000
831524.266768;7698149.000000
833720.144535;7706561.000000
837105.091491;7715158.000000
839355.869833;7723653.000000
837987.548356;7732032.000000
835904.034160;7740387.000000
835830.608142;7748681.000000
837557.470169;7756992.000000
844747.134648;7765952.000000
837707.837869;7774214.000000
848768.044268;7783223.000000
845190.962185;7791716.000000
844829.282779;7799853.000000
846580.995364;7808359.000000
847695.376268;7815863.000000
849281.008423;7824457.000000
845857.337637;7833007.000000
851775.431178;7841702.000000
848017.872111;7850216.000000
848618.616671;7858439.000000
854189.925445;7866827.000000
853153.212676;7875055.000000
851014.721448;7882973.000000
853963.373681;7890850.000000
851570.592023;7898714.000000
860217.467050;7906902.000000
852001.267875;7915238.000000
856174.910300;7923580.000000
859561.238500;7932058.000000
857304.622884;7940263.000000
860028.437667;7949164.000000
861778.509999;7957842.000000
861148.374093;7966515.000000
864415.920661;7974585.000000
859840.805444;7982790.000000
865947.998873;7990927.000000
867727.360748;7999571.000000
865155.171190;8007542.000000
872293.422821;8015619.000000
869872.740752;8024232.000000
874638.229923;8033128.000000
869630.227680;8041502.000000
872288.763763;8049680.000000
876364.135217;8057984.000000
874538.362987;8065842.000000
877710.210448;8074361.000000
874594.894142;8082544.000000
874997.355806;8090454.000000
876484.795567;8098835.000000
879522.187442;8107476.000000
878327.875464;8115702.000000
883966.455604;8124714.000000
880557.374184;8133430.000000
881699.538522;8142039.000000
885771.849764;8150640.000000
885954.099446;8158797.000000
884125.541167;8167377.000000
887153.551977;8175789.000000
884480.992391;8184262.000000
887055.539638;8192466.000000
882708.348227;8200519.000000
891856.937860;8209088.000000
889701.419524;8217062.000000
894786.112597;8225744.000000
890712.370532;8233935.000000
894344.426828;8242367.000000
897678.752200;8251110.000000
894520.363543;8258957.000000
896990.668847;8267478.000000
