2499148.820936;25645832.000000
2492238.558689;25642920.000000
2504475.104332;25640154.000000
2491310.686430;25637002.000000
2482295.632571;25634102.000000
2490460.984540;25630772.000000
2490513.323907;25628004.000000
2485955.576007;25624949.000000
2498736.628857;25621872.000000
2493161.359087;25618681.000000
2498727.602283;25616089.000000
2504055.946612;25613249.000000
2486199.437503;25609962.000000
2495816.471806;25607233.000000
2497853.633961;25604248.000000
2474292.281414;25600668.000000
2499959.050263;25597472.000000
2492079.775765;25594586.000000
2491453.133399;25591901.000000
2479839.485454;25588402.000000
2489678.957870;25585388.000000
2484222.083278;25582261.000000
2480696.433155;25579138.000000
2493351.306409;25576235.000000
2487293.065416;25573432.000000
2482755.982134;25570275.000000
2480185.803144;25567342.000000
2477537.500256;25564438.000000
2481257.628058;25561311.000000
2486246.214464;25558411.000000
2481932.951221;25555539.000000
2489834.615348;25552265.000000
2476686.217607;25548809.000000
2491178.560670;25546010.000000
2478433.163106;25542272.000000
2482918.886895;25539135.000000
2479859.980817;25535404.000000
2483230.483338;25532561.000000
2487466.745180;25529255.000000
2481812.616110;25526414.000000
2472205.644242;25522884.000000
2483044.444600;25519617.000000
2475106.231487;25516537.000000
2488278.832520;25513854.000000
2474365.541099;25510444.000000
2484518.686815;25507686.000000
2480282.244908;25504634.000000
2475668.420165;25501767.000000
2472051.356983;25498728.000000
2481734.987194;25495545.000000
2487366.545736;25492450.000000
2486422.132304;25489308.000000
2472219.591689;25486390.000000
2482395.474960;25483341.000000
2469171.700146;25480826.000000
2475883.968393;25477219.000000
2468785.738840;25474159.000000
2472971.487886;25470956.000000
2470187.823917;25468327.000000
2475859.967990;25465103.000000
2480239.539778;25461641.000000
2474721.304918;25458489.000000
2476990.234604;25455538.000000
2468598.850284;25452079.000000
2465529.744495;25449034.000000
2468364.305754;25445891.000000
2467499.546376;25442436.000000
2479678.628478;25439494.000000
2473174.831311;25436541.000000
2465796.554605;25433261.000000
2479408.444386;25430120.000000
2472553.381303;25427032.000000
2479807.195247;25424555.000000
2474820.983620;25421598.000000
2470043.968394;25418365.000000
2460558.623373;25414702.000000
2472401.164856;25412157.000000
2458834.491286;25409182.000000
2481984.643219;25406380.000000
2469573.729139;25403652.000000
2465600.580956;25400361.000000
2470131.590307;25396976.000000
2465130.608281;25394045.000000
2466399.247214;25391231.000000
2470079.074663;25388319.000000
2476017.166252;25385460.000000
2467971.644814;25382380.000000
2465591.074946;25379393.000000
2469150.160094;25376284.000000
2466700.082073;25373066.000000
2466074.591951;25369420.000000
2465464.356662;25366625.000000
2480228.829728;25363950.000000
2472834.948416;25361168.000000
2461824.773310;25358086.000000
2462994.975887;25354831.000000
2468152.742954;25352032.000000
2472817.157575;25349299.000000
2457978.917911;25346413.000000
2472507.185242;25343275.000000
