1.186150;22.000000
1.274057;12.000000
1.223406;15.000000
1.242525;16.000000
1.201385;15.000000
1.221302;4.000000
1.236515;8.000000
1.303683;18.000000
1.211892;13.000000
1.234056;19.000000
1.226210;5.000000
1.278203;30.000000
1.267880;17.000000
1.206963;19.000000
1.260865;10.000000
1.194491;23.000000
1.253031;7.000000
1.254176;8.000000
1.228704;4.000000
1.250314;13.000000
1.246007;55.000000
1.263925;18.000000
1.251165;3.000000
1.269084;2.000000
1.242205;8.000000
1.224219;3.000000
1.268181;32.000000
1.242015;1.000000
1.291484;11.000000
1.235118;24.000000
1.245512;10.000000
1.255593;9.000000
1.263880;14.000000
1.253117;16.000000
1.263903;7.000000
1.199276;25.000000
1.224406;11.000000
1.258436;9.000000
1.222295;14.000000
1.281564;19.000000
1.185117;24.000000
1.231003;17.000000
1.255123;10.000000
1.277104;19.000000
1.198487;17.000000
1.311552;9.000000
1.256515;7.000000
1.233771;11.000000
1.322133;6.000000
1.261274;3.000000
1.278674;10.000000
1.221878;35.000000
1.229569;4.000000
1.230461;21.000000
1.257894;11.000000
1.233391;12.000000
1.181821;28.000000
1.219939;5.000000
1.219423;21.000000
1.264428;4.000000
1.239142;13.000000
1.300825;23.000000
1.292412;18.000000
1.239661;25.000000
1.313485;11.000000
1.233200;12.000000
1.248253;15.000000
1.313716;6.000000
1.278249;15.000000
1.198289;7.000000
1.296495;11.000000
1.300976;28.000000
1.260653;16.000000
1.205459;7.000000
1.254182;10.000000
1.242518;15.000000
1.247162;7.000000
1.286439;12.000000
1.253056;24.000000
1.285036;13.000000
1.236639;6.000000
1.241341;24.000000
1.309582;7.000000
1.237670;12.000000
1.228281;23.000000
1.218768;18.000000
1.229561;12.000000
1.197071;9.000000
1.223691;23.000000
1.248084;6.000000
1.343409;30.000000
1.263755;11.000000
1.187961;26.000000
1.323725;5.000000
1.303647;8.000000
1.314886;15.000000
1.318828;19.000000
1.294730;10.000000
1.250487;12.000000
1.281519;19.000000
