3051133.089248;29531559.000000
3039862.092423;29534958.000000
3050483.052045;29538181.000000
3055862.699394;29541529.000000
3058271.663303;29545033.000000
3046627.924657;29548418.000000
3042674.515737;29551917.000000
3046338.996642;29554998.000000
3057304.827989;29558551.000000
3053891.090824;29562370.000000
3053910.238949;29566069.000000
3056422.390466;29569885.000000
3053725.266992;29572824.000000
3060996.731244;29575867.000000
3047080.303461;29578908.000000
3059509.322896;29582536.000000
3056559.379419;29586178.000000
3050739.430810;29589645.000000
3076212.733058;29593602.000000
3050840.894679;29596613.000000
3058724.613993;29599901.000000
3059758.699958;29603972.000000
3060524.053977;29607101.000000
3073400.726215;29610519.000000
3069378.664277;29614032.000000
3057221.738107;29617467.000000
3071001.279867;29620985.000000
3062646.180808;29624101.000000
3063210.382146;29627441.000000
3060794.327640;29631208.000000
3056277.442106;29634696.000000
3057119.147048;29638306.000000
3057348.209900;29642074.000000
3070865.211045;29645784.000000
3067813.513817;29649309.000000
3075263.975063;29652604.000000
3070990.320263;29656497.000000
3056356.077398;29659976.000000
3077290.111910;29663734.000000
3060274.202047;29667284.000000
3077301.652342;29671122.000000
3065576.464260;29674496.000000
3048755.477686;29677638.000000
3069716.038170;29681212.000000
3082227.353781;29685196.000000
3079237.421704;29688758.000000
3063254.058260;29692446.000000
3050456.087727;29695442.000000
3070302.416353;29699246.000000
3078264.504061;29703059.000000
3064288.411365;29706782.000000
3072329.893516;29710520.000000
3059327.190751;29713685.000000
3085146.648315;29717789.000000
3088549.761515;29721085.000000
3071363.970769;29724627.000000
3071469.685883;29728143.000000
3058358.710188;29732099.000000
3076217.061050;29735865.000000
3085755.502387;29739881.000000
3077871.738511;29743227.000000
3066135.617613;29746673.000000
3080254.049899;29750197.000000
3072001.918188;29753695.000000
3069325.764778;29757096.000000
3056281.501807;29760145.000000
3084975.438140;29763489.000000
3070613.768692;29766908.000000
3078913.737668;29770061.000000
3089638.545232;29774233.000000
3089509.620641;29778385.000000
3066831.593454;29781907.000000
3070402.146799;29785437.000000
3079894.439372;29788813.000000
3074809.408276;29792322.000000
3086011.169251;29796379.000000
3060276.844838;29799441.000000
3080799.154986;29802986.000000
3066341.600982;29806002.000000
3083531.523797;29809152.000000
3100743.883162;29812856.000000
3074445.423228;29816349.000000
3080966.825064;29819934.000000
3083650.203885;29823725.000000
3073705.205354;29826596.000000
3079377.826492;29830046.000000
3080495.805761;29833373.000000
3081689.697948;29837304.000000
3098055.864124;29841570.000000
3068563.854784;29845006.000000
3063566.134675;29847537.000000
3090981.411887;29851144.000000
3087965.841511;29854502.000000
3103776.043625;29858148.000000
3089680.314614;29861418.000000
3078892.832908;29864902.000000
3081080.954388;29868042.000000
3098279.905759;29871403.000000
3082160.899196;29874818.000000
3077123.266464;29877717.000000
