1711290.464069;16554602.000000
1708955.102194;16558302.000000
1713625.326925;16561719.000000
1707729.129259;16564725.000000
1715693.096815;16568260.000000
1715270.953135;16572079.000000
1719188.197220;16574807.000000
1714061.925509;16578269.000000
1713913.457872;16581595.000000
1718737.687100;16584977.000000
1717078.874080;16588507.000000
1709330.846603;16591118.000000
1722206.464564;16594822.000000
1710713.238405;16598018.000000
1719434.155186;16601300.000000
1710125.947124;16604431.000000
1718290.420588;16607782.000000
1721771.609914;16611266.000000
1722634.761257;16615084.000000
1714402.191736;16619057.000000
1712999.747523;16622072.000000
1719896.838505;16625761.000000
1714483.657968;16629291.000000
1718216.049847;16632752.000000
1716909.986603;16636365.000000
1729597.970929;16640042.000000
1724278.691330;16642985.000000
1729100.930537;16646665.000000
1739928.826094;16651034.000000
1724637.822135;16654495.000000
1726678.743387;16659062.000000
1719585.830862;16662196.000000
1730437.900798;16665906.000000
1721239.871593;16669665.000000
1718924.225246;16673075.000000
1722932.554892;16676463.000000
1722332.253995;16679795.000000
1728214.450716;16683246.000000
1729549.801518;16686925.000000
1731239.844723;16690829.000000
1721051.674213;16694308.000000
1721163.206308;16697641.000000
1728980.071253;16701554.000000
1732872.026315;16705474.000000
1732868.497761;16708875.000000
1729599.316095;16712604.000000
1723252.517520;16716375.000000
1731866.125106;16719995.000000
1722779.037526;16723385.000000
1733138.369051;16727479.000000
1731820.630003;16730970.000000
1728432.250246;16734588.000000
1730348.485515;16737774.000000
1737689.340068;16741510.000000
1729025.148757;16745322.000000
1735003.532792;16748944.000000
1740827.086199;16752828.000000
1725804.433620;16755996.000000
1727553.644516;16759497.000000
1733766.499519;16763304.000000
1734359.621425;16766820.000000
1738100.465346;16770654.000000
1727431.077362;16774353.000000
1735691.137080;16777921.000000
1743477.537236;16781583.000000
1724653.077222;16784237.000000
1733730.627744;16788073.000000
1741908.431745;16791851.000000
1738896.662742;16795739.000000
1740566.292331;16799526.000000
1737254.640158;16802935.000000
1728727.576055;16806584.000000
1741366.519047;16810220.000000
1732331.459918;16813451.000000
1736661.407704;16816905.000000
1746613.141697;16821022.000000
1741060.082418;16824798.000000
1735494.766453;16828892.000000
1738630.043229;16832240.000000
1740804.817017;16835735.000000
1751725.592482;16839547.000000
1741468.808696;16842543.000000
1738017.810834;16845542.000000
1743681.993206;16848800.000000
1745267.091758;16852239.000000
1739363.546462;16855784.000000
1741606.429474;16859386.000000
1744903.200293;16862998.000000
1739275.123100;16866089.000000
1740628.695439;16869651.000000
1741406.134331;16872947.000000
1741186.519598;16876996.000000
1755363.238338;16880831.000000
1745805.267937;16884194.000000
1748165.086474;16887262.000000
1750309.254687;16891072.000000
1740315.027895;16893868.000000
1750729.320359;16897293.000000
1749300.365714;16900910.000000
1748532.060495;16904535.000000
