1.214646;30.000000
1.273575;6.000000
1.310238;6.000000
1.255031;19.000000
1.215501;3.000000
1.272256;5.000000
1.249426;12.000000
1.258998;17.000000
1.232024;16.000000
1.260526;24.000000
1.332068;19.000000
1.278982;33.000000
1.243048;20.000000
1.252509;10.000000
1.272679;8.000000
1.288906;24.000000
1.296124;11.000000
1.269102;15.000000
1.321163;10.000000
1.364034;4.000000
1.281425;11.000000
1.286670;35.000000
1.284658;14.000000
1.187299;10.000000
1.247268;4.000000
1.268118;11.000000
1.213311;6.000000
1.201091;26.000000
1.232141;22.000000
1.246402;38.000000
1.279184;18.000000
1.318428;25.000000
1.274166;18.000000
1.259823;21.000000
1.242956;3.000000
1.258953;3.000000
1.268873;5.000000
1.283660;12.000000
1.325069;8.000000
1.268198;10.000000
1.315692;23.000000
1.244183;12.000000
1.252003;10.000000
1.264143;22.000000
1.322937;12.000000
1.260028;11.000000
1.257426;11.000000
1.374219;5.000000
1.376081;2.000000
1.261136;18.000000
1.346750;9.000000
1.309308;6.000000
1.282880;8.000000
1.288880;9.000000
1.369188;34.000000
1.224899;9.000000
1.247452;7.000000
1.242854;16.000000
1.313182;7.000000
1.311074;12.000000
1.284834;5.000000
1.267847;3.000000
1.246298;10.000000
1.239158;8.000000
1.317836;27.000000
1.261874;4.000000
1.315645;13.000000
1.231197;16.000000
1.301801;9.000000
1.274872;7.000000
1.240965;6.000000
1.259544;19.000000
1.315024;20.000000
1.253208;24.000000
1.347561;5.000000
1.283729;15.000000
1.333180;14.000000
1.321097;5.000000
1.215755;11.000000
1.317524;9.000000
1.283730;2.000000
1.321912;8.000000
1.326082;6.000000
1.274045;12.000000
1.323898;25.000000
1.318583;8.000000
1.312887;9.000000
1.275838;23.000000
1.225078;23.000000
1.245935;5.000000
1.350581;17.000000
1.286015;1.000000
1.275021;17.000000
1.275680;23.000000
1.176605;15.000000
1.313598;6.000000
1.289767;9.000000
1.276462;11.000000
1.271713;25.000000
1.287852;28.000000
