1.483630;20.000000
1.546826;6.000000
1.647572;23.000000
1.570221;8.000000
1.517655;10.000000
1.580985;12.000000
1.457645;4.000000
1.590385;17.000000
1.624270;66.000000
1.659220;5.000000
1.803571;5.000000
1.636022;14.000000
1.676401;9.000000
1.595173;13.000000
1.530967;19.000000
1.803599;39.000000
1.595188;21.000000
1.621266;8.000000
1.761278;8.000000
1.715433;40.000000
1.816471;34.000000
1.648870;14.000000
1.655418;12.000000
1.669941;9.000000
1.654802;18.000000
1.772213;8.000000
1.779344;7.000000
1.590010;14.000000
1.704669;9.000000
1.598452;11.000000
1.812711;12.000000
1.694774;6.000000
1.736918;3.000000
1.665220;18.000000
1.702776;16.000000
1.679037;5.000000
1.601113;4.000000
1.597630;12.000000
1.558828;16.000000
1.635509;13.000000
1.588733;21.000000
1.699876;7.000000
1.672154;28.000000
1.636605;7.000000
1.615652;36.000000
1.686670;13.000000
1.610949;27.000000
1.622802;8.000000
1.678898;14.000000
1.646765;7.000000
1.655699;31.000000
1.674700;24.000000
1.467281;15.000000
1.613764;23.000000
1.591534;13.000000
1.587200;12.000000
1.514197;12.000000
1.695612;25.000000
1.764860;38.000000
1.608076;6.000000
1.865691;15.000000
1.616698;13.000000
1.643467;12.000000
1.738230;17.000000
1.869478;21.000000
1.666340;13.000000
1.612965;34.000000
1.564163;24.000000
1.800920;12.000000
1.664194;13.000000
1.626788;7.000000
1.832311;10.000000
1.441769;11.000000
1.672562;15.000000
1.877521;27.000000
1.685258;47.000000
1.727458;16.000000
1.564808;6.000000
1.635208;18.000000
1.586835;23.000000
1.639225;15.000000
1.665956;1.000000
1.826437;29.000000
1.577365;12.000000
1.580432;75.000000
1.640663;22.000000
1.680825;11.000000
1.465345;3.000000
1.493967;9.000000
1.844170;10.000000
1.573893;6.000000
1.866647;11.000000
1.722768;23.000000
1.664153;7.000000
1.812651;34.000000
1.655385;8.000000
1.636586;37.000000
1.627233;4.000000
1.844018;14.000000
1.467380;4.000000
