2536738.913708;26406381.000000
2529714.977874;26401854.000000
2546913.738155;26397717.000000
2535969.605450;26393199.000000
2529283.282621;26388559.000000
2513069.013819;26383774.000000
2528631.671978;26379416.000000
2536888.812827;26375168.000000
2534489.938956;26370639.000000
2535537.463512;26366033.000000
2523752.991174;26360774.000000
2543837.664345;26356196.000000
2537695.261856;26351412.000000
2532976.432393;26347161.000000
2534109.853039;26342830.000000
2530641.131400;26338840.000000
2535390.015075;26334361.000000
2524382.223852;26329316.000000
2533795.798468;26324604.000000
2539655.444551;26320336.000000
2535893.721122;26316195.000000
2520789.017829;26311850.000000
2521083.701346;26307556.000000
2518093.407593;26303273.000000
2523406.657140;26298865.000000
2526532.419525;26294521.000000
2531402.905251;26289751.000000
2523593.545918;26285228.000000
2521323.802840;26280327.000000
2515674.493653;26275951.000000
2511694.642536;26271505.000000
2527319.025307;26266739.000000
2507669.450056;26262106.000000
2520080.237352;26257862.000000
2517413.139234;26253108.000000
2521968.601294;26249100.000000
2512640.346132;26245362.000000
2530800.361715;26241120.000000
2513042.514844;26236859.000000
2518887.318115;26232378.000000
2521074.130300;26227775.000000
2520276.256233;26222732.000000
2524949.311793;26217761.000000
2526831.794128;26213289.000000
2531253.721877;26208963.000000
2503911.314474;26204282.000000
2516944.914415;26199688.000000
2506616.350855;26195457.000000
2518345.136891;26191250.000000
2510391.812395;26186858.000000
2519770.753870;26181852.000000
2505552.702699;26177614.000000
2510372.207757;26173097.000000
2506557.780046;26168493.000000
2502861.928298;26163884.000000
2507670.866865;26159228.000000
2515586.652130;26154980.000000
2507814.460526;26150251.000000
2502060.664281;26145674.000000
2505517.358052;26140499.000000
2501231.512083;26136213.000000
2500687.256718;26131289.000000
2497278.934773;26127092.000000
2514279.700774;26122671.000000
2514985.535712;26118061.000000
2504495.082586;26113472.000000
2515189.767312;26108931.000000
2506080.582724;26104702.000000
2503030.267688;26100467.000000
2505171.137312;26096037.000000
2501570.942541;26091488.000000
2508279.133780;26087159.000000
2493919.309843;26082385.000000
2506643.279803;26077886.000000
2502354.055359;26073406.000000
2505541.385367;26069233.000000
2512590.048424;26064640.000000
2501442.358587;26059650.000000
2513853.343013;26055313.000000
2499027.509321;26050087.000000
2491892.140095;26045572.000000
2508019.379580;26041485.000000
2497106.991546;26037071.000000
2492899.981892;26032176.000000
2499094.418430;26027400.000000
2495403.092897;26023181.000000
2495090.616260;26018906.000000
2493983.243378;26014372.000000
2499781.559026;26009905.000000
2500190.469079;26005699.000000
2501006.724397;26001431.000000
2493543.136648;25996650.000000
2497196.019848;25991936.000000
2480668.084033;25987437.000000
2488469.851828;25982601.000000
2501812.203509;25977976.000000
2499277.260285;25973739.000000
2487552.663298;25969054.000000
2494682.175252;25964658.000000
2496146.942373;25960756.000000
