1424496.879222;15283892.000000
1419513.501808;15275764.000000
1425003.085164;15267787.000000
1416330.174262;15259498.000000
1413345.262132;15251084.000000
1414082.154391;15242689.000000
1417820.346404;15234830.000000
1424301.932203;15227352.000000
1419267.494432;15219513.000000
1407409.134617;15211398.000000
1414195.171001;15203344.000000
1416954.275734;15195123.000000
1401750.273225;15186575.000000
1418258.760543;15178757.000000
1402674.744025;15169731.000000
1409163.921085;15161586.000000
1413251.910217;15153281.000000
1399845.645984;15144848.000000
1400466.598463;15136167.000000
1408588.888178;15127996.000000
1405969.035050;15120481.000000
1412108.687440;15112469.000000
1407443.091724;15104453.000000
1409706.508544;15096653.000000
1406913.572618;15088423.000000
1399789.137172;15080280.000000
1394533.719115;15071547.000000
1408799.837500;15064294.000000
1405280.940358;15056385.000000
1397413.592184;15048372.000000
1391916.145825;15039850.000000
1396983.191812;15031346.000000
1394092.805514;15023440.000000
1395955.302166;15015312.000000
1389812.761213;15006527.000000
1397276.076070;14998741.000000
1394187.995890;14990602.000000
1389552.096648;14982304.000000
1396565.524251;14974486.000000
1392707.516154;14966123.000000
1397348.984772;14958143.000000
1389595.484163;14950003.000000
1382117.524028;14941597.000000
1382096.429014;14932898.000000
1386023.176910;14924379.000000
1388323.346302;14916064.000000
1382606.159882;14908122.000000
1380910.480406;14899491.000000
1385181.412258;14891423.000000
1390011.866307;14883637.000000
1383879.161857;14875272.000000
1381384.639397;14866787.000000
1377920.835237;14858510.000000
1379507.874455;14850345.000000
1379212.706364;14842034.000000
1380673.394800;14833830.000000
1371899.321173;14825908.000000
1383454.871279;14817587.000000
1386267.079734;14809836.000000
1380906.152321;14801942.000000
1377296.303379;14793867.000000
1377774.422395;14785980.000000
1376620.067175;14777807.000000
1370933.549180;14769646.000000
1377847.734669;14761486.000000
1374385.577012;14753878.000000
1372971.934929;14746355.000000
1378731.320999;14738788.000000
1369131.179234;14730589.000000
1364443.465689;14722462.000000
1367983.339505;14713772.000000
1359672.560819;14705142.000000
1371515.065699;14697534.000000
1368621.945949;14689458.000000
1364468.152100;14681455.000000
1363421.541397;14673666.000000
1364628.240146;14665356.000000
1360534.630231;14656747.000000
1368383.218319;14648226.000000
1369656.006634;14640496.000000
1363026.213172;14632336.000000
1368514.226597;14623987.000000
1354742.735668;14615598.000000
1362614.968163;14607617.000000
1356372.728313;14599344.000000
1353075.243516;14590866.000000
1351987.748958;14582225.000000
1359094.395962;14573833.000000
1356774.402416;14565517.000000
1354707.927070;14557044.000000
1356433.260378;14549209.000000
1352210.153466;14541161.000000
1345746.180589;14533009.000000
1352601.282400;14524351.000000
1351351.683972;14516639.000000
1352596.313964;14508482.000000
1346610.949528;14500303.000000
1347085.034627;14491888.000000
1347117.181837;14483324.000000
1342328.815464;14475365.000000
