1016622.068246;9646751.000000
1012751.850365;9652025.000000
1012208.512765;9657171.000000
1014396.188628;9662416.000000
1017267.750027;9667994.000000
1024263.002567;9672906.000000
1019997.761627;9678284.000000
1018893.332997;9683881.000000
1017440.457751;9689023.000000
1017322.308682;9694209.000000
1022961.531109;9699415.000000
1025694.030040;9705320.000000
1021073.263109;9710302.000000
1023105.175916;9715658.000000
1024241.440395;9721380.000000
1021061.341058;9726573.000000
1016917.633354;9731941.000000
1026721.925297;9737533.000000
1022192.514165;9742671.000000
1034352.064557;9748916.000000
1026445.066024;9754481.000000
1026287.417774;9759800.000000
1022814.782267;9764869.000000
1028762.601565;9770175.000000
1029568.223374;9775401.000000
1031490.306509;9780951.000000
1026924.441017;9786269.000000
1034917.101227;9791796.000000
1035109.103255;9797084.000000
1028998.281023;9802327.000000
1032680.640666;9807883.000000
1030571.870621;9813669.000000
1032427.100100;9819157.000000
1038934.491430;9825148.000000
1036617.831983;9830296.000000
1030523.469893;9835230.000000
1035371.909961;9840840.000000
1030448.452884;9846205.000000
1034347.097594;9851507.000000
1030291.256205;9856732.000000
1042125.980309;9862486.000000
1034293.209182;9867476.000000
1035177.905069;9872547.000000
1038032.018674;9878043.000000
1043834.694741;9883373.000000
1036005.264888;9888469.000000
1041340.464385;9893644.000000
1045818.672955;9898795.000000
1045261.617013;9904418.000000
1040417.031050;9909691.000000
1043605.862644;9914924.000000
1045297.659815;9920457.000000
1047189.759892;9926114.000000
1050868.211021;9931434.000000
1045447.068644;9936879.000000
1047020.220322;9941953.000000
1045887.869246;9946801.000000
1047314.464478;9952304.000000
1041635.702279;9957687.000000
1046676.883808;9962707.000000
1047474.012926;9968294.000000
1043962.370216;9973634.000000
1046565.563268;9978608.000000
1049775.651363;9983800.000000
1051135.338805;9989272.000000
1046775.262652;9994277.000000
1062779.012875;9999877.000000
1056789.605452;10005525.000000
1053869.029295;10010453.000000
1048101.293619;10015848.000000
1054648.415133;10021622.000000
1055002.483480;10027196.000000
1060094.732784;10032437.000000
1057651.744627;10038046.000000
1055855.246159;10043194.000000
1054590.391946;10048565.000000
1057441.953027;10054145.000000
1058389.091981;10059784.000000
1062205.343864;10065277.000000
1058406.248928;10070916.000000
1058631.793864;10076373.000000
1065280.827737;10081855.000000
1063534.692423;10086883.000000
1065200.233818;10092842.000000
1061283.850609;10098262.000000
1066097.709381;10103612.000000
1068747.619696;10109385.000000
1060759.339025;10114788.000000
1069920.630773;10120493.000000
1062132.535135;10125881.000000
1064994.231936;10131527.000000
1070726.346525;10137382.000000
1068258.682650;10142638.000000
1068503.681170;10147559.000000
1068938.447185;10152437.000000
1063181.366454;10157891.000000
1073875.827187;10162767.000000
1077536.685004;10168599.000000
1066897.031224;10173872.000000
1073300.849314;10179417.000000
