3676124.078374;35998957.000000
3673621.144416;36001448.000000
3678121.425241;36003972.000000
3694579.465584;36006466.000000
3694494.877130;36008761.000000
3664210.209485;36010927.000000
3673666.473749;36012714.000000
3688522.700684;36014682.000000
3696802.284997;36016985.000000
3676968.846862;36019275.000000
3682893.510288;36021357.000000
3694889.146117;36024033.000000
3695116.456403;36026854.000000
3689140.360979;36029151.000000
3669063.989841;36031119.000000
3682847.102936;36033823.000000
3704062.424840;36035954.000000
3693433.971295;36038755.000000
3679985.874314;36040791.000000
3689568.818658;36042991.000000
3693325.514601;36046051.000000
3681023.564632;36048256.000000
3688881.010707;36050328.000000
3672756.303004;36052082.000000
3694583.923120;36054752.000000
3701487.377253;36057936.000000
3695611.070752;36060582.000000
3690435.720262;36063673.000000
3698519.340058;36066622.000000
3694759.591297;36069171.000000
3688182.315898;36071802.000000
3687156.395361;36074521.000000
3694906.406911;36076896.000000
3695786.615974;36079539.000000
3689004.111459;36081985.000000
3705070.436521;36084438.000000
3684819.687331;36086769.000000
3674302.452037;36088710.000000
3696758.994808;36091043.000000
3688145.147553;36093106.000000
3682413.064988;36095713.000000
3686946.641164;36097867.000000
3711840.136636;36100726.000000
3691035.428917;36103132.000000
3691088.841932;36105651.000000
3685727.964540;36108290.000000
3689869.981203;36110374.000000
3706271.796034;36112969.000000
3684030.539907;36115557.000000
3696416.084792;36117830.000000
3691829.637005;36120298.000000
3711174.344314;36122978.000000
3710653.109396;36125694.000000
3701860.477463;36128341.000000
3697344.845069;36130550.000000
3687868.502810;36132517.000000
3702482.334016;36135141.000000
3695147.162808;36137545.000000
3690690.829747;36139260.000000
3693612.472494;36141569.000000
3681727.608726;36143699.000000
3693064.194528;36145799.000000
3682771.148746;36148089.000000
3698950.454922;36150645.000000
3720609.611175;36153694.000000
3713738.698256;36156156.000000
3689184.242167;36158481.000000
3668736.476829;36160541.000000
3688704.576973;36162803.000000
3709210.232014;36165074.000000
3687584.473398;36167949.000000
3719369.650055;36170647.000000
3705069.345426;36173624.000000
3706648.251751;36176477.000000
3705736.856660;36178702.000000
3694316.881697;36181246.000000
3713689.173321;36184164.000000
3704060.106647;36186545.000000
3710712.674119;36188845.000000
3694589.004949;36191670.000000
3686388.860812;36194089.000000
3687104.467976;36195923.000000
3715629.379846;36197888.000000
3702045.371534;36200476.000000
3707503.496115;36203452.000000
3716701.795369;36206165.000000
3710748.250741;36208709.000000
3701220.447793;36211390.000000
3718066.157807;36214065.000000
3697883.036680;36216252.000000
3723801.637419;36219268.000000
3696629.632977;36221298.000000
3709630.496734;36223286.000000
3688219.509919;36225022.000000
3709650.415449;36227564.000000
3709699.872256;36229931.000000
3703073.138129;36232787.000000
3717671.148564;36235219.000000
3712988.291146;36238279.000000
3712040.217940;36240862.000000
