3596965.784819;35200138.000000
3596730.590771;35202751.000000
3602680.659972;35205015.000000
3599807.245899;35207109.000000
3611867.117782;35209381.000000
3581417.908222;35211422.000000
3589159.609629;35213945.000000
3599903.807276;35216828.000000
3594244.427487;35218907.000000
3611788.772555;35221504.000000
3602974.550969;35223686.000000
3612009.460996;35226319.000000
3603409.689836;35228786.000000
3619789.597894;35231546.000000
3585396.354727;35233579.000000
3602630.840742;35235466.000000
3604551.747517;35237561.000000
3584976.152931;35240211.000000
3618589.629050;35242878.000000
3597539.883322;35245572.000000
3614827.643683;35248301.000000
3603609.169264;35250945.000000
3595504.486830;35253151.000000
3601388.436197;35255538.000000
3592000.182168;35258049.000000
3601758.471194;35260004.000000
3591759.487956;35262489.000000
3599204.140060;35264781.000000
3620248.691765;35267405.000000
3619206.792980;35270188.000000
3608708.232115;35272553.000000
3612461.699423;35274493.000000
3603113.172907;35276654.000000
3597859.913502;35278526.000000
3601694.057431;35280644.000000
3610914.231314;35283224.000000
3624571.674748;35285469.000000
3600484.491638;35287317.000000
3607367.453306;35289031.000000
3597279.047218;35291187.000000
3617008.022105;35293596.000000
3599587.712409;35295513.000000
3625179.251572;35298203.000000
3587982.272330;35300215.000000
3615845.166668;35302728.000000
3619158.755406;35305346.000000
3609645.577677;35307833.000000
3614964.288811;35310389.000000
3611528.743216;35313251.000000
3607636.875768;35315043.000000
3623103.110406;35317595.000000
3599614.137159;35319931.000000
3634524.536748;35322747.000000
3610453.671933;35325012.000000
3615263.560329;35328212.000000
3610520.127095;35331046.000000
3612786.312530;35333626.000000
3629330.430017;35336655.000000
3628808.264046;35339028.000000
3619338.418162;35341137.000000
3612658.508232;35344064.000000
3594114.907535;35346201.000000
3619061.762056;35349011.000000
3620642.012512;35351314.000000
3611730.111476;35353711.000000
3612521.988832;35355907.000000
3621917.781921;35358071.000000
3612240.527930;35360284.000000
3598957.227277;35362453.000000
3635164.392681;35365441.000000
3622499.342651;35367453.000000
3610584.440922;35369445.000000
3611276.623300;35372294.000000
3608901.771306;35374506.000000
3612520.462767;35376920.000000
3624210.943960;35379436.000000
3622222.356036;35381940.000000
3601882.150029;35384193.000000
3610924.977263;35386037.000000
3642647.539078;35388359.000000
3616044.134715;35390833.000000
3618195.013177;35393228.000000
3624715.234061;35395162.000000
3619731.227573;35397123.000000
3620016.221679;35399291.000000
3623779.868794;35401448.000000
3618385.351181;35403890.000000
3610699.484897;35405870.000000
3615010.062157;35408364.000000
3614303.808026;35410337.000000
3606693.535927;35412429.000000
3622755.279032;35414551.000000
3632711.005425;35417105.000000
3592190.844609;35418958.000000
3622987.185345;35421166.000000
3624667.106256;35423211.000000
3642781.531029;35425996.000000
3617646.363398;35427884.000000
3611731.696217;35430230.000000
3638599.730791;35432183.000000
