604648.616104;5479795.000000
605138.547511;5490230.000000
606595.920204;5500251.000000
609967.309753;5510847.000000
611759.413723;5521377.000000
612129.142267;5531208.000000
612759.146450;5541631.000000
611228.611941;5551301.000000
618525.525241;5561844.000000
615568.726681;5572055.000000
618447.975237;5582580.000000
616873.276516;5593201.000000
617379.412529;5603019.000000
622298.622378;5613466.000000
620705.185482;5623733.000000
621968.773010;5633878.000000
625409.656575;5644300.000000
622472.703499;5654037.000000
626046.401604;5664509.000000
630152.259677;5674987.000000
628903.021242;5685119.000000
633649.112740;5695838.000000
629995.168645;5705844.000000
631409.785834;5716799.000000
634086.613602;5727205.000000
635450.623677;5737862.000000
637295.562334;5748179.000000
637123.367105;5758785.000000
635341.257708;5768434.000000
636732.729770;5778651.000000
637768.990000;5788615.000000
639679.110830;5798873.000000
645011.733574;5809751.000000
641740.850915;5820017.000000
644498.586530;5830637.000000
646260.603080;5840981.000000
643033.041344;5850907.000000
644105.898165;5860575.000000
646635.120486;5871390.000000
647644.324467;5881500.000000
650793.030918;5892306.000000
649497.015446;5902088.000000
653747.328294;5912346.000000
656474.017889;5922943.000000
653532.290621;5933601.000000
654478.772103;5943874.000000
660054.639937;5954352.000000
660519.561011;5964695.000000
659511.675807;5975045.000000
663936.837353;5985597.000000
664188.523375;5995879.000000
659602.871834;6005932.000000
668416.969172;6016783.000000
665900.293617;6026934.000000
669999.749427;6037503.000000
667857.238476;6047941.000000
670854.168970;6058922.000000
673206.281025;6069766.000000
670584.117430;6079793.000000
671230.290088;6089680.000000
673341.827457;6099636.000000
674707.546145;6110188.000000
673154.693505;6119980.000000
677468.965291;6130210.000000
678907.958661;6140654.000000
683095.125301;6150780.000000
680170.191250;6161348.000000
683098.362555;6171606.000000
682705.508171;6181616.000000
679603.423177;6191670.000000
686365.428940;6202071.000000
685564.160467;6212108.000000
686974.013869;6222661.000000
685627.272525;6232527.000000
689349.548389;6243147.000000
693308.652468;6253529.000000
695060.815048;6263560.000000
693212.115381;6274134.000000
692314.631777;6284157.000000
693183.397937;6293721.000000
697959.749375;6304289.000000
695840.746766;6314356.000000
697212.839708;6324433.000000
702809.197914;6335316.000000
701708.364634;6345512.000000
703963.732061;6355484.000000
703838.297379;6365501.000000
701228.668773;6375730.000000
705883.649562;6385702.000000
707390.167499;6396205.000000
702141.604566;6406479.000000
707722.876824;6416418.000000
713492.203338;6427009.000000
711816.059139;6437303.000000
714992.266763;6447737.000000
714156.686795;6458333.000000
716619.064658;6468802.000000
713338.130317;6479350.000000
718570.675864;6490086.000000
719975.363196;6500470.000000
