3610961.823152;35962697.000000
3599471.555553;35963073.000000
3622300.886112;35963589.000000
3617648.911363;35963814.000000
3624281.752364;35964125.000000
3599944.344155;35964446.000000
3607518.806965;35965141.000000
3618354.017474;35966103.000000
3616253.337871;35966531.000000
3613028.796646;35967091.000000
3600517.052614;35967212.000000
3623425.652382;35967613.000000
3602571.395637;35967934.000000
3617760.441415;35968484.000000
3604508.178127;35968617.000000
3601397.436070;35968782.000000
3620597.219670;35969160.000000
3617966.250082;35969881.000000
3608209.313398;35969819.000000
3599808.721826;35970659.000000
3595859.846915;35971396.000000
3607428.434801;35972140.000000
3610459.220038;35973174.000000
3633379.082832;35974214.000000
3624758.534088;35974574.000000
3617090.720291;35975041.000000
3621470.116719;35975403.000000
3620153.648170;35976152.000000
3603328.398678;35976449.000000
3606720.425086;35977221.000000
3587458.820489;35976476.000000
3624336.014369;35976915.000000
3627214.780618;35977797.000000
3606168.399959;35978329.000000
3614781.948939;35978828.000000
3598697.269611;35978568.000000
3624844.408261;35979041.000000
3624237.569989;35979172.000000
3614735.245366;35979892.000000
3612947.080830;35980352.000000
3633050.589132;35980845.000000
3621906.901694;35981234.000000
3631023.407368;35982091.000000
3609438.599040;35982745.000000
3630350.047658;35983188.000000
3619310.786209;35983734.000000
3627150.575553;35984351.000000
3609289.191568;35984713.000000
3639115.609198;35985860.000000
3603962.439142;35986234.000000
3596975.473727;35986264.000000
3618650.498492;35987204.000000
3612434.388349;35987647.000000
3607159.302112;35988399.000000
3613834.133040;35988887.000000
3616123.430983;35989467.000000
3617969.174136;35989813.000000
3617533.115505;35990257.000000
3627556.209409;35990889.000000
3613853.347189;35991389.000000
3611377.984413;35991631.000000
3611112.911249;35992097.000000
3629149.183737;35993058.000000
3623573.866843;35993602.000000
3618188.404625;35994328.000000
3619220.899086;35994710.000000
3616724.462503;35994802.000000
3629796.329264;35995992.000000
3630980.525948;35996695.000000
3617579.873594;35997200.000000
3609854.908244;35997625.000000
3621340.782897;35997819.000000
3627874.015915;35998712.000000
3600106.662393;35998806.000000
3620819.272240;35999624.000000
3609420.679951;36000027.000000
3608486.540656;36000361.000000
3614317.475180;36000816.000000
3623616.143146;36001068.000000
3616572.930792;36001466.000000
3619426.666751;36001827.000000
3615891.837343;36002731.000000
3622985.911829;36003400.000000
3602532.553104;36003539.000000
3625578.033830;36004522.000000
3630338.772338;36004994.000000
3609663.837969;36005510.000000
3615636.901515;36005834.000000
3608907.456028;36006109.000000
3609689.447151;36006171.000000
3620325.290001;36006966.000000
3610506.557415;36007634.000000
3609567.379466;36008217.000000
3610346.221171;36008223.000000
3626635.376247;36009850.000000
3610950.532479;36010072.000000
3624223.863706;36010632.000000
3613953.297287;36011365.000000
3620424.698952;36011610.000000
3634032.868295;36012365.000000
